service_id,monday,tuesday,wednesday,thursday,friday,saturday,sunday,start_date,end_date
IDFM:1,1,1,1,1,1,1,1,20250919,20251018
IDFM:1405,0,1,0,1,0,0,0,20250923,20251016
IDFM:2418,1,0,0,0,0,0,1,20250921,20251013
IDFM:10000,1,1,1,1,1,0,0,20250919,20251017
IDFM:10138,1,1,0,1,1,0,0,20250919,20251017
IDFM:10140,0,0,1,0,0,0,0,20250924,20251015
IDFM:10971,0,0,1,0,1,0,0,20250919,20251017
IDFM:10977,1,1,0,1,0,0,0,20250922,20251016
IDFM:11475,0,1,1,1,1,1,0,20250919,20251018
IDFM:11516,1,0,0,0,0,0,0,20250922,20251013
IDFM:14189,0,0,1,0,0,1,0,20250920,20251018
IDFM:15662,0,0,0,0,0,0,1,20250921,20251018
IDFM:20378,0,0,0,0,0,0,1,20250928,20250928
IDFM:20388,0,0,0,0,0,0,1,20250921,20251012
IDFM:27035,1,1,1,1,1,0,0,20250919,20251003
IDFM:27053,1,1,1,1,1,0,0,20251006,20251017
IDFM:27575,1,1,1,1,1,0,1,20250919,20251005
IDFM:35962,0,1,1,1,1,0,0,20250919,20251003
IDFM:35965,0,1,1,1,1,0,0,20251007,20251017
IDFM:50068,0,0,0,0,1,0,0,20250919,20251017
IDFM:50126,1,1,0,0,0,0,0,20250922,20250930
IDFM:50173,1,1,0,1,0,0,0,20250919,20251016
IDFM:50185,1,1,0,0,1,1,0,20250919,20250930
IDFM:50200,0,0,1,1,1,0,0,20250919,20251017
IDFM:59337,0,0,0,1,0,0,0,20250925,20250925
IDFM:59356,1,1,0,0,1,0,0,20250919,20250930
IDFM:59387,1,1,0,1,1,0,0,20251002,20251017
IDFM:59450,0,0,0,1,0,0,0,20251002,20251016
IDFM:59456,1,1,1,0,1,0,0,20251001,20251017
IDFM:59457,1,1,0,0,1,0,0,20250919,20250930
IDFM:74155,0,0,0,0,0,1,0,20250920,20251018
IDFM:94559,1,1,1,1,1,0,0,20250919,20251016
IDFM:98098,0,0,0,0,0,1,0,20250920,20251018
IDFM:100001,0,0,0,0,0,1,0,20250920,20251018
IDFM:100002,0,0,0,0,0,0,1,20250921,20251012
IDFM:100251,0,0,0,0,0,1,1,20250920,20251018
IDFM:100479,1,1,1,1,1,1,0,20250919,20251018
IDFM:101645,1,1,1,1,1,0,1,20250919,20251017
IDFM:105199,0,0,0,0,1,0,0,20250919,20251017
IDFM:105464,1,1,1,1,0,0,0,20250922,20251016
IDFM:108866,0,0,0,0,0,0,1,20250921,20250921
IDFM:108867,0,0,0,0,0,1,0,20250920,20250920
IDFM:109058,0,0,0,0,0,1,0,20250927,20251018
IDFM:109065,0,0,0,0,0,0,1,20250928,20251012
IDFM:109086,1,1,1,1,1,0,1,20250919,20251017
IDFM:113737,0,0,0,0,1,0,0,20250919,20251017
IDFM:113742,1,0,0,1,0,0,0,20250922,20251016
IDFM:113744,0,0,0,0,1,0,0,20250919,20251017
IDFM:113959,0,1,1,0,0,0,0,20250923,20251015
IDFM:119640,0,0,0,0,0,1,0,20250920,20251011
IDFM:120102,0,0,0,0,0,1,0,20251018,20251018
IDFM:124193,0,0,0,0,1,0,0,20251003,20251017
IDFM:124199,1,1,0,0,0,0,0,20250922,20250930
IDFM:124200,0,0,0,0,1,0,0,20250919,20250926
IDFM:124218,1,1,1,1,0,0,0,20251001,20251016
IDFM:124238,0,0,1,1,0,0,0,20250919,20251016
IDFM:124243,1,1,1,1,1,0,0,20251001,20251017
IDFM:124270,1,1,0,0,1,0,0,20250919,20250930
IDFM:124627,0,0,1,1,1,0,0,20250919,20251017
IDFM:127513,0,0,0,0,0,1,0,20250920,20250927
IDFM:127532,0,0,0,0,0,1,0,20251004,20251018
IDFM:129007,0,1,1,1,1,0,0,20250919,20251017
IDFM:129367,1,1,1,1,1,1,1,20250919,20251018
IDFM:129418,0,0,0,0,0,1,1,20250920,20251018
IDFM:130034,0,0,0,0,0,0,1,20251012,20251012
IDFM:130048,0,0,0,0,0,1,0,20251011,20251018
IDFM:130049,0,0,0,0,0,0,1,20250921,20251005
IDFM:130058,0,0,0,0,0,1,0,20250920,20251004
IDFM:134413,0,0,0,0,1,1,0,20250919,20251018
IDFM:136819,1,1,0,1,1,1,0,20250919,20251018
IDFM:137526,0,0,1,1,1,1,0,20250919,20251018
IDFM:137527,0,0,1,1,1,1,1,20250919,20251018
IDFM:138970,1,1,1,1,1,1,1,20251001,20251018
IDFM:138972,0,0,0,0,0,0,1,20251005,20251012
IDFM:138978,0,0,0,0,0,1,1,20251004,20251018
IDFM:138986,1,1,0,0,0,0,1,20250922,20251012
IDFM:139000,1,1,1,1,1,0,1,20251001,20251017
IDFM:139005,0,0,1,1,1,1,0,20250920,20251018
IDFM:139012,0,0,0,0,0,0,1,20250920,20251012
IDFM:139021,0,0,0,0,0,0,1,20250919,20251012
IDFM:139040,0,0,0,0,0,1,0,20250920,20251018
IDFM:139050,1,1,1,1,0,1,1,20251001,20251018
IDFM:139062,1,1,1,1,1,1,0,20250922,20251018
IDFM:139101,0,0,1,1,1,0,0,20250920,20251017
IDFM:139131,1,1,1,1,0,0,1,20250921,20251016
IDFM:139388,0,0,0,0,0,1,0,20250919,20251018
IDFM:139436,0,0,0,0,0,1,0,20250922,20251018
IDFM:139574,0,0,0,0,0,1,0,20250919,20251018
IDFM:139729,0,0,1,1,1,0,0,20250920,20251017
IDFM:139733,1,1,1,1,1,1,0,20251001,20251018
IDFM:139735,0,0,1,1,0,0,0,20250920,20251016
IDFM:139801,0,0,1,1,1,0,0,20250919,20251017
IDFM:139886,0,0,1,1,1,1,0,20250920,20251018
IDFM:141106,0,0,0,0,1,1,0,20251003,20251018
IDFM:141165,0,0,0,0,1,1,0,20250920,20251018
IDFM:141247,1,1,0,0,1,1,1,20250919,20250930
IDFM:141249,0,0,0,0,0,0,1,20250921,20250928
IDFM:141294,0,0,0,0,0,1,0,20250920,20251018
IDFM:141297,0,0,0,0,0,1,1,20250920,20250928
IDFM:141302,0,0,0,0,0,1,0,20250921,20251018
IDFM:141310,0,0,1,1,1,1,0,20250921,20251018
IDFM:141323,0,0,0,0,0,1,0,20250920,20251018
IDFM:141333,0,0,0,0,1,0,1,20250919,20250928
IDFM:141362,1,1,0,0,1,0,1,20250919,20250930
IDFM:141376,1,1,0,0,0,0,1,20250921,20250930
IDFM:141443,0,0,0,0,1,1,1,20250919,20250928
IDFM:141516,0,0,1,1,1,1,0,20250920,20251018
IDFM:141523,0,0,0,0,0,1,0,20250921,20251018
IDFM:141548,0,0,1,1,0,0,0,20250921,20251016
IDFM:141601,0,0,0,0,0,1,0,20250919,20251018
IDFM:141616,1,1,0,0,0,1,0,20250920,20250930
IDFM:141665,0,0,0,0,1,0,0,20250922,20251017
IDFM:141671,1,1,1,1,1,0,0,20250922,20251017
IDFM:141718,0,1,0,0,0,0,0,20250923,20250930
IDFM:141720,0,0,0,0,0,1,0,20250922,20251018
IDFM:141883,0,0,0,0,0,1,0,20250920,20251018
IDFM:141913,1,1,1,1,1,0,0,20250920,20251017
IDFM:142008,1,0,0,0,0,0,0,20250922,20250929
IDFM:142025,0,0,0,0,0,1,0,20250919,20251018
IDFM:142028,0,0,0,0,1,1,0,20250919,20250927
IDFM:142053,0,0,0,0,1,0,0,20250920,20251017
IDFM:142605,1,1,0,0,0,1,1,20250920,20250930
IDFM:142669,0,0,1,1,1,0,0,20250921,20251017
IDFM:142675,0,0,1,1,1,0,0,20250920,20251017
IDFM:143237,0,0,0,0,1,0,0,20250923,20251017
IDFM:143313,1,0,1,1,0,0,0,20250922,20251016
IDFM:144503,1,1,1,1,1,1,0,20250920,20251018
IDFM:144599,0,0,0,0,1,0,1,20250921,20251017
IDFM:144701,1,1,1,1,0,0,0,20250919,20251016
IDFM:145322,1,1,1,1,0,1,0,20250920,20251018
IDFM:145857,1,1,1,1,1,0,1,20250921,20251017
IDFM:146509,1,1,1,1,1,1,1,20250920,20251018
IDFM:146547,0,0,0,0,1,0,0,20250919,20251017
IDFM:146548,0,0,0,0,1,0,0,20250922,20251017
IDFM:146549,0,0,0,0,0,1,0,20250919,20251018
IDFM:146553,0,0,0,0,1,1,0,20250919,20251018
IDFM:146561,0,0,0,0,1,0,0,20250919,20250926
IDFM:146562,1,1,1,1,0,0,0,20250922,20250925
IDFM:146742,0,0,0,0,0,1,0,20250920,20250927
IDFM:146839,0,0,0,0,1,1,0,20250919,20250927
IDFM:147329,0,0,0,0,1,0,1,20250919,20250928
IDFM:147336,0,0,0,0,0,1,1,20250921,20251018
IDFM:147359,0,0,0,0,0,1,0,20250921,20251018
IDFM:147360,0,0,0,0,1,0,0,20250921,20251017
IDFM:147445,1,1,1,1,1,0,0,20250921,20251017
IDFM:147459,0,0,0,0,0,1,0,20250919,20251018
IDFM:147501,0,0,0,0,1,1,0,20250921,20251018
IDFM:147542,0,0,0,0,1,0,0,20250920,20251017
IDFM:147588,0,0,0,0,1,1,0,20250919,20251018
IDFM:147629,1,1,1,1,0,0,0,20250921,20251016
IDFM:147661,1,1,1,1,1,0,0,20250929,20251017
IDFM:147673,1,1,1,1,0,0,0,20250919,20251016
IDFM:147675,1,1,1,1,0,0,0,20250929,20251016
IDFM:147815,1,1,1,1,1,1,0,20250929,20251018
IDFM:147827,1,1,1,1,1,0,0,20250919,20251017
IDFM:147878,1,1,1,1,1,1,0,20250920,20251018
IDFM:147881,1,1,1,1,1,1,0,20250919,20251018
IDFM:147959,1,1,1,1,0,1,0,20250919,20251018
IDFM:148140,1,1,1,1,0,1,0,20250929,20251018
IDFM:148235,1,1,1,1,0,0,0,20250920,20251016
IDFM:148429,1,1,1,1,1,0,1,20250929,20251017
IDFM:148491,0,0,0,0,1,0,1,20251003,20251017
IDFM:148966,0,0,0,0,1,0,0,20250919,20251017
IDFM:149002,0,0,0,0,1,1,0,20250919,20251018
IDFM:150555,1,1,1,1,1,0,0,20250920,20251017
IDFM:153205,0,0,0,0,0,0,1,20250921,20250928
IDFM:153288,1,1,1,1,0,0,0,20250921,20251016
IDFM:153372,1,1,1,1,1,0,0,20250919,20251017
IDFM:153429,1,1,1,1,1,0,0,20250919,20251017
IDFM:154130,1,1,1,1,1,0,0,20250919,20251017
IDFM:154193,1,1,1,1,1,0,0,20250921,20251017
IDFM:154219,0,0,0,0,1,0,0,20250919,20251017
IDFM:155112,0,0,0,0,1,0,0,20250919,20251017
IDFM:155974,1,1,1,1,0,1,0,20250919,20251018
IDFM:157135,1,1,1,1,0,1,1,20250919,20251018
IDFM:157180,0,0,0,0,0,0,1,20250922,20251012
IDFM:157325,1,1,1,1,0,0,1,20250929,20251016
IDFM:157382,0,0,0,0,0,1,1,20250920,20250928
IDFM:158389,1,1,1,1,1,0,1,20250921,20251017
IDFM:158578,0,0,0,0,1,1,1,20250919,20250928
IDFM:159691,1,1,1,1,1,1,1,20250920,20251018
IDFM:160582,1,1,1,1,0,1,0,20250920,20251018
IDFM:161915,1,1,1,1,1,1,1,20250929,20251018
IDFM:162711,1,1,1,1,1,0,0,20250920,20251017
IDFM:162847,0,0,0,0,1,1,1,20250919,20251018
IDFM:163002,1,1,1,1,0,0,0,20250920,20251016
IDFM:163896,0,0,0,0,0,1,0,20250919,20251018
IDFM:164428,1,1,1,1,1,1,0,20250919,20251018
IDFM:164964,1,1,1,1,1,1,0,20250919,20251018
IDFM:164997,0,0,0,0,0,1,0,20250922,20251018
IDFM:165234,1,1,1,1,1,0,0,20250919,20251017
IDFM:165786,0,0,0,0,1,0,0,20250920,20251017
IDFM:165836,0,0,0,0,1,0,1,20250920,20251017
IDFM:166190,1,1,1,1,0,0,1,20250921,20251016
IDFM:166213,0,0,0,0,0,1,0,20250919,20251018
IDFM:166399,1,1,1,1,1,0,0,20251003,20251017
IDFM:166624,1,1,1,1,1,0,0,20250922,20251017
IDFM:166627,1,1,1,1,0,0,0,20251006,20251016
IDFM:166663,0,0,0,0,1,0,0,20250919,20251017
IDFM:166858,1,1,1,1,0,0,0,20250922,20251016
IDFM:167522,1,1,1,1,0,0,0,20250929,20251002
IDFM:167576,1,1,1,1,1,0,0,20250919,20251002
IDFM:167687,0,0,0,0,1,0,0,20250919,20251002
IDFM:167717,1,1,1,1,0,0,0,20250922,20251002
IDFM:167720,0,0,0,0,1,0,0,20250929,20251017
IDFM:167901,0,0,0,0,1,1,0,20250919,20251018
IDFM:168910,0,0,0,0,0,0,1,20250921,20251012
IDFM:169402,1,1,1,1,1,0,0,20250919,20251017
IDFM:170783,1,1,1,1,0,1,0,20250922,20251018
IDFM:170845,1,1,1,1,0,1,0,20250920,20251018
IDFM:171175,1,1,1,1,0,0,0,20250919,20251016
IDFM:172187,1,1,1,1,0,0,1,20251005,20251016
IDFM:172219,1,1,1,1,0,0,1,20250921,20251002
IDFM:172831,0,0,0,0,0,1,1,20250919,20251018
IDFM:173474,1,1,1,1,1,1,1,20250921,20251018
IDFM:174006,1,1,1,1,1,1,1,20250919,20251018
IDFM:174158,0,0,0,0,0,0,1,20250921,20251002
IDFM:174260,0,0,0,0,1,0,1,20250919,20251017
IDFM:174310,1,1,1,1,0,1,1,20250921,20251018
IDFM:174470,0,0,0,0,1,1,0,20250919,20251018
IDFM:174588,1,1,1,1,0,0,0,20250922,20251016
IDFM:174840,0,0,0,0,1,0,0,20250919,20251017
IDFM:174846,0,0,0,0,1,0,1,20250919,20251017
IDFM:174990,1,1,1,1,0,0,0,20250920,20251016
IDFM:175527,1,1,1,1,0,0,0,20250920,20251016
IDFM:175627,1,1,1,1,0,1,0,20250921,20251018
IDFM:176176,1,1,1,1,1,0,0,20250919,20251017
IDFM:176369,0,0,0,0,1,1,0,20250919,20251018
IDFM:176660,1,1,1,1,1,0,0,20250919,20251017
IDFM:176963,1,1,1,1,0,0,0,20250922,20251016
IDFM:177448,1,1,1,1,0,0,0,20250921,20251016
IDFM:177612,1,1,1,1,1,1,0,20250929,20251017
IDFM:177839,1,1,1,1,1,1,0,20251001,20251017
IDFM:178036,0,0,0,0,0,1,0,20251004,20251011
IDFM:178055,0,0,0,0,0,1,1,20251004,20251012
IDFM:178368,0,0,0,0,1,0,0,20250919,20251017
IDFM:178642,1,1,1,1,1,1,1,20250929,20251017
IDFM:179195,1,1,0,0,0,0,0,20250929,20250930
IDFM:179206,1,1,1,1,1,0,0,20250919,20251017
IDFM:179241,0,0,0,0,0,1,1,20250920,20251012
IDFM:179248,1,1,1,1,1,0,1,20250920,20251017
IDFM:179258,1,1,1,1,1,0,0,20250919,20251017
IDFM:179314,0,0,0,0,0,0,1,20250919,20251012
IDFM:179622,0,0,0,0,0,1,0,20250920,20251011
IDFM:179868,0,0,0,0,0,1,0,20250929,20251011
IDFM:179997,0,0,0,0,1,0,0,20250919,20251018
IDFM:179998,0,0,0,0,0,0,1,20251005,20251018
IDFM:180028,1,1,1,1,1,0,0,20250929,20251018
IDFM:180031,0,0,0,0,0,1,1,20250920,20251018
IDFM:180038,1,1,1,1,1,0,0,20250921,20251018
IDFM:180046,0,0,0,0,0,0,1,20250921,20251018
IDFM:180061,0,0,0,0,1,0,0,20251003,20251018
IDFM:180213,1,1,1,1,1,1,1,20250919,20251018
IDFM:180248,0,0,0,0,0,1,1,20250919,20251018
IDFM:180258,0,0,0,0,0,1,0,20250920,20251018
IDFM:180266,0,0,0,0,0,1,0,20250920,20251018
IDFM:180300,0,0,0,0,0,1,0,20250919,20251018
IDFM:180303,1,1,1,1,1,0,1,20251001,20251018
IDFM:180418,0,0,0,0,0,1,1,20250920,20251018
IDFM:180428,1,1,1,1,0,0,0,20250929,20251018
IDFM:180517,0,0,0,0,1,0,0,20250922,20251018
IDFM:181772,0,0,0,0,0,1,0,20250919,20251018
IDFM:183290,1,1,1,1,0,1,0,20251001,20251018
IDFM:185026,0,0,1,1,1,1,1,20250919,20251018
IDFM:185084,0,0,0,0,0,0,1,20250921,20251012
IDFM:186850,1,0,1,0,0,0,0,20251001,20251015
IDFM:187751,0,1,0,1,0,0,0,20251002,20251016
IDFM:188129,1,0,1,0,0,0,0,20250922,20251015
IDFM:188130,0,0,1,0,1,0,0,20250919,20251017
IDFM:188289,0,0,1,1,0,1,0,20250920,20251018
IDFM:188391,0,0,1,1,1,1,0,20250919,20251018
IDFM:188464,0,1,0,1,0,0,0,20250919,20251016
IDFM:188504,0,1,0,1,1,0,0,20251002,20251017
IDFM:188632,1,0,1,0,1,0,0,20251001,20251017
IDFM:188633,0,0,1,0,0,0,0,20250919,20251015
IDFM:189911,0,0,0,0,0,1,1,20250919,20251018
IDFM:189969,1,1,1,1,0,1,1,20250919,20251018
IDFM:190039,0,0,0,0,0,1,1,20250919,20251018
IDFM:190112,0,0,0,0,0,1,0,20250919,20251018
IDFM:190125,1,1,1,1,0,1,0,20250919,20251018
IDFM:190142,0,0,0,0,1,1,0,20250919,20251018
IDFM:191047,1,1,1,1,0,1,0,20250919,20251018
IDFM:191112,1,1,1,1,1,1,0,20250919,20251018
IDFM:193307,0,0,1,1,1,0,0,20250919,20251017
IDFM:193309,0,1,0,0,0,0,0,20250923,20251014
IDFM:193319,1,1,1,0,0,1,1,20250920,20251018
IDFM:193323,1,1,1,0,1,1,1,20250919,20251018
IDFM:193332,0,0,0,1,0,0,0,20250925,20251016
IDFM:193335,0,0,0,1,1,0,0,20250919,20251017
IDFM:193365,1,0,0,0,0,1,1,20250920,20251018
IDFM:193451,1,1,1,1,0,1,1,20250920,20251018
IDFM:193495,0,0,1,1,0,0,0,20250924,20251016
IDFM:193536,1,1,1,0,0,0,0,20250922,20251015
IDFM:193543,1,0,1,1,1,1,1,20250919,20251018
IDFM:193678,1,0,1,0,0,1,1,20250920,20251018
IDFM:196407,1,1,1,1,1,0,0,20251013,20251017
IDFM:196664,1,1,1,1,1,0,0,20250919,20251010
IDFM:197674,1,1,1,1,0,0,0,20250922,20251016
IDFM:197679,0,0,0,0,0,0,1,20250921,20251012
IDFM:197682,0,0,0,0,1,1,1,20250919,20251018
IDFM:197688,0,0,0,0,1,1,0,20250919,20251018
IDFM:198493,0,0,0,0,1,1,0,20251010,20251018
IDFM:198497,0,0,0,0,1,1,0,20250919,20251004
IDFM:200744,0,0,0,0,0,1,0,20250920,20251018
IDFM:201605,1,0,1,1,0,0,0,20250922,20251016
IDFM:201608,0,1,0,0,1,0,0,20250919,20251017
IDFM:201623,1,0,1,1,0,1,0,20250920,20251018
IDFM:201635,0,1,0,0,1,1,0,20250919,20251018
IDFM:202006,1,0,1,1,0,0,1,20250921,20251016
IDFM:202114,0,1,0,0,1,0,1,20250919,20251017
IDFM:202256,0,1,0,0,1,1,1,20250919,20251018
IDFM:213616,0,0,0,0,0,1,0,20251011,20251011
IDFM:213692,1,0,0,0,0,0,0,20251013,20251013
IDFM:222665,0,0,0,0,0,0,1,20250921,20251012
IDFM:223216,0,0,0,0,0,1,0,20250920,20251011
IDFM:223294,1,0,0,0,0,0,0,20250922,20251013
IDFM:228571,0,0,0,0,1,0,0,20250919,20250919
IDFM:228573,1,1,1,1,1,0,0,20250922,20251017
IDFM:228578,1,1,0,1,1,0,0,20250922,20251017
IDFM:234406,1,0,1,1,1,0,0,20250919,20251017
IDFM:244765,1,0,1,0,0,0,0,20250922,20251015
IDFM:245282,1,0,0,1,0,0,0,20250922,20251016
IDFM:250147,1,0,0,0,0,0,0,20250922,20251006
IDFM:252898,1,1,1,0,1,0,0,20250919,20251017
IDFM:253261,0,0,0,0,1,0,0,20250919,20250926
IDFM:253279,1,1,0,1,1,0,0,20250929,20251017
IDFM:253480,0,0,1,0,0,0,0,20250924,20250924
IDFM:253565,0,0,1,0,0,0,0,20251001,20251015
IDFM:282804,1,1,0,0,1,0,0,20250919,20251017
IDFM:290841,0,0,0,0,0,1,1,20250920,20250921
IDFM:290859,0,0,0,0,0,1,1,20250927,20251018
IDFM:305083,0,0,0,1,0,0,1,20250921,20251016
IDFM:305113,1,1,1,0,1,1,0,20250919,20251018
IDFM:306981,0,1,1,1,1,1,1,20250919,20251018
IDFM:313125,0,1,1,0,0,0,0,20250923,20251015
IDFM:318395,0,1,0,1,1,0,0,20250919,20251017
IDFM:320219,0,0,1,1,0,0,1,20250921,20251016
IDFM:320233,1,0,0,1,1,0,0,20250919,20251017
IDFM:320243,0,0,1,1,0,1,0,20250920,20251018
IDFM:320248,0,0,1,1,0,1,1,20250920,20251018
IDFM:320460,0,1,1,1,0,0,1,20250921,20251016
IDFM:320462,0,1,0,0,0,1,1,20250920,20251018
IDFM:320464,0,0,0,1,0,1,1,20250920,20251018
IDFM:320465,1,1,0,0,0,1,0,20250920,20251018
IDFM:320468,0,1,1,0,0,0,1,20250921,20251015
IDFM:320473,1,1,0,0,0,0,0,20250922,20251014
IDFM:320475,1,0,0,0,0,1,0,20250920,20251018
IDFM:320476,0,0,0,1,1,0,1,20250919,20251017
IDFM:320478,1,0,1,0,0,1,0,20250920,20251018
IDFM:320479,0,1,0,1,1,0,1,20250919,20251017
IDFM:320499,0,0,0,1,0,1,0,20250920,20251018
IDFM:320541,1,0,0,1,0,1,0,20250920,20251018
IDFM:320549,1,0,0,0,1,0,0,20250919,20251017
IDFM:320550,1,0,0,1,0,0,1,20250921,20251016
IDFM:320551,1,0,1,0,1,0,1,20250919,20251017
IDFM:320552,1,1,1,0,1,0,1,20250919,20251017
IDFM:320557,1,0,1,0,1,1,1,20250919,20251018
IDFM:320560,1,0,1,0,0,0,1,20250921,20251015
IDFM:320562,1,0,1,0,1,0,0,20250919,20251017
IDFM:320566,1,0,0,1,1,1,0,20250919,20251018
IDFM:320567,1,1,1,0,0,0,1,20250921,20251015
IDFM:320569,1,1,0,0,1,1,1,20250919,20251018
IDFM:320570,1,1,0,0,0,1,1,20250920,20251018
IDFM:320571,1,1,0,0,0,0,1,20250921,20251014
IDFM:320589,0,1,0,0,0,0,1,20250921,20251014
IDFM:320593,0,1,1,0,0,1,0,20250920,20251018
IDFM:320594,0,1,0,1,0,1,0,20250920,20251018
IDFM:320595,0,1,0,1,0,1,1,20250920,20251018
IDFM:320597,0,1,1,0,1,0,1,20250919,20251017
IDFM:320605,0,0,1,1,1,0,1,20250919,20251017
IDFM:320625,0,0,0,1,1,1,1,20250919,20251018
IDFM:320742,1,0,0,0,1,1,0,20250919,20251018
IDFM:320749,0,1,0,0,0,1,0,20250920,20251018
IDFM:321209,0,0,0,0,0,0,1,20250921,20251012
IDFM:321425,0,0,0,0,0,1,0,20250920,20251018
IDFM:321726,0,0,0,0,0,1,0,20250927,20250927
IDFM:321807,0,0,0,0,0,1,0,20251004,20251004
IDFM:322004,0,0,0,0,0,0,1,20251005,20251005
IDFM:322920,0,0,0,0,0,1,0,20250927,20251004
IDFM:322924,0,0,0,0,0,0,1,20250928,20251005
IDFM:322934,0,0,0,0,0,1,1,20250927,20251005
IDFM:323061,0,0,0,0,0,1,1,20250920,20251005
IDFM:323543,0,0,0,0,0,1,0,20251011,20251018
IDFM:324655,0,0,0,0,1,0,0,20250919,20251003
IDFM:326220,0,1,1,1,0,0,0,20250923,20251016
IDFM:329622,0,0,0,0,0,0,1,20250928,20251012
IDFM:330444,1,0,0,0,0,0,0,20250929,20251006
IDFM:341038,0,0,0,0,1,0,0,20251010,20251017
IDFM:341262,0,0,0,0,0,0,1,20250921,20251005
IDFM:TN:30482667,0,0,0,0,0,1,1,20250927,20251019
IDFM:TN:30482668,0,0,0,0,0,1,0,20250927,20251018
IDFM:TN:30482687,0,0,0,0,0,0,1,20250928,20251019
IDFM:TN:30482698,0,0,0,0,0,0,1,20251019,20251019
IDFM:TN:30482773,0,0,0,0,0,0,1,20250928,20250928
IDFM:TN:30482778,0,0,0,0,0,1,1,20251011,20251012
IDFM:TN:30482780,0,0,0,0,0,1,0,20251011,20251011
IDFM:TN:30482845,0,0,0,0,0,0,1,20251012,20251012
IDFM:TN:30482848,1,0,0,0,0,0,0,20250922,20250922
IDFM:TN:30482903,1,1,1,1,1,0,0,20250923,20251020
IDFM:TN:30482958,0,0,0,0,0,1,1,20250927,20251019
IDFM:TN:30482960,0,0,0,0,0,1,0,20250927,20251018
IDFM:TN:30483001,1,0,0,0,0,0,0,20251020,20251020
IDFM:TN:30483034,1,1,1,1,1,0,0,20250923,20251017
IDFM:TN:30483044,1,0,1,1,1,0,0,20250924,20251017
IDFM:TN:30483084,0,0,0,0,0,1,1,20251004,20251005
IDFM:TN:30483086,0,0,0,0,0,1,0,20251004,20251004
IDFM:TN:30483283,0,0,0,0,0,1,0,20251018,20251018
IDFM:TN:30483403,0,0,0,0,0,1,1,20251011,20251019
IDFM:TN:30483668,1,1,1,1,1,0,0,20250923,20251020
IDFM:TN:30483718,1,1,1,1,1,0,0,20250923,20251020
IDFM:TN:30483728,0,0,0,0,0,1,1,20251018,20251019
IDFM:TN:30483886,1,0,0,0,0,0,0,20251013,20251013
IDFM:TN:30483931,0,0,0,0,0,1,0,20250927,20250927
IDFM:TN:30483932,0,0,0,0,0,1,1,20250927,20250928
IDFM:TN:30484070,0,0,0,0,0,0,1,20251005,20251005
IDFM:TN:30484404,1,0,0,0,0,0,1,20251012,20251020
IDFM:TN:30484405,0,0,0,0,0,0,1,20251012,20251019
IDFM:TN:30484564,0,0,0,0,0,1,0,20251011,20251018
IDFM:TN:30484591,0,0,0,0,0,1,0,20250927,20251018
IDFM:TN:30484592,0,0,0,0,0,1,1,20250927,20251019
IDFM:TN:30484626,0,0,0,0,0,0,1,20250928,20251019
IDFM:TN:30484921,0,0,0,0,0,1,1,20250927,20251019
IDFM:TN:30485009,1,0,0,0,0,0,1,20250928,20251020
IDFM:TN:30485554,0,0,0,0,0,1,0,20250927,20251004
IDFM:TN:30485560,0,0,0,0,0,1,1,20250927,20251005
IDFM:TN:30485576,0,0,0,0,0,0,1,20250928,20251005
IDFM:TN:30485577,1,1,1,1,1,0,0,20250929,20251020
IDFM:TN:30485578,1,1,1,1,1,0,0,20250929,20251003
IDFM:TN:30485592,0,0,0,0,0,1,1,20250927,20251019
IDFM:TN:30485594,0,0,0,0,0,1,0,20250927,20251018
IDFM:TN:30485595,0,0,0,0,0,0,1,20250928,20251019
IDFM:TN:30485599,0,0,0,0,0,0,1,20250928,20251019
IDFM:TN:30485606,1,0,0,0,0,0,0,20250929,20250929
IDFM:TN:30485609,1,0,0,0,0,0,0,20251006,20251006
IDFM:TN:30485610,0,0,0,0,0,1,0,20251011,20251019
IDFM:TN:30485662,0,1,1,1,1,1,0,20250930,20251004
IDFM:TN:30485664,1,1,1,1,1,0,0,20251006,20251017
IDFM:TN:30485665,0,1,1,1,1,1,0,20251007,20251018
IDFM:TN:30485668,1,0,0,0,0,0,0,20251013,20251020
IDFM:TN:30485674,0,1,1,1,1,0,0,20250923,20250926
IDFM:TN:30485682,1,1,1,1,1,0,0,20251006,20251010
IDFM:TN:30485692,0,0,0,0,0,1,0,20251011,20251018
IDFM:TN:30485747,0,0,0,0,0,0,1,20251011,20251019
IDFM:TN:30485787,1,0,0,0,0,0,0,20251013,20251020
IDFM:TN:30485817,0,0,0,0,0,1,1,20250927,20251019
IDFM:TN:30485820,1,1,1,1,1,0,0,20250927,20251020
IDFM:TN:30485822,1,1,1,0,0,0,0,20250927,20251020
IDFM:TN:30485829,0,0,0,1,1,0,0,20251002,20251003
IDFM:TN:30485839,0,0,0,0,0,1,1,20250927,20251019
IDFM:TN:30485841,1,0,0,0,0,0,1,20250928,20251020
IDFM:TN:30485872,0,0,0,0,0,1,0,20250927,20251005
IDFM:TN:30485991,1,1,1,1,1,1,1,20250923,20251020
IDFM:TN:30486000,1,0,0,0,0,0,1,20250928,20251020
IDFM:TN:30486086,0,0,0,0,0,0,1,20251012,20251019
IDFM:TN:30486206,0,1,1,1,1,0,0,20251014,20251017
IDFM:TN:30486337,1,1,1,0,0,0,0,20251013,20251015
IDFM:TN:30486342,0,0,0,1,1,0,0,20251016,20251017
IDFM:TN:30486367,0,0,0,0,0,1,1,20250927,20251012
IDFM:TN:30486567,1,1,1,1,1,0,0,20250923,20251010
IDFM:TN:30486573,1,0,1,1,1,0,0,20250924,20251020
IDFM:TN:30486619,0,1,1,0,1,0,0,20251014,20251017
IDFM:TN:30486644,0,0,0,0,0,0,1,20250928,20251012
IDFM:TN:30486658,0,0,0,0,0,0,1,20251005,20251019
IDFM:TN:30486774,0,1,1,1,1,0,0,20250923,20251003
IDFM:TN:30486775,0,0,0,0,0,1,0,20250927,20251006
IDFM:TN:30486793,0,1,1,1,0,0,0,20250923,20250925
IDFM:TN:30486794,0,0,0,0,1,0,0,20250926,20251003
IDFM:TN:30486795,1,1,1,1,0,0,0,20250929,20251002
IDFM:TN:30486797,0,1,1,1,0,0,0,20250930,20251002
IDFM:TN:30486798,0,0,0,0,1,0,0,20251003,20251003
IDFM:TN:30486799,1,1,1,0,1,0,0,20251006,20251010
IDFM:TN:30486801,0,0,0,1,0,0,0,20251009,20251009
IDFM:TN:30486802,1,1,1,1,0,0,0,20251013,20251016
IDFM:TN:30486803,0,0,0,0,1,0,0,20251017,20251017
IDFM:TN:30486829,1,1,1,1,1,0,0,20251006,20251020
IDFM:TN:30486927,0,0,0,1,0,0,0,20251016,20251016
IDFM:TN:30486978,1,1,1,1,1,1,1,20250923,20251020
IDFM:TN:30486994,1,1,1,1,1,1,1,20250927,20251020
IDFM:TN:30487003,1,1,1,0,0,0,0,20250929,20251001
IDFM:TN:30487045,1,1,1,1,1,1,1,20250923,20251020
IDFM:TN:30487052,0,0,0,0,0,0,1,20250928,20251019
IDFM:TN:30487079,0,0,0,1,1,0,0,20250925,20251017
IDFM:TN:30487210,0,0,0,0,0,0,1,20250928,20251019
IDFM:TN:30487516,1,1,1,1,1,0,0,20251013,20251017
IDFM:TN:30487714,1,1,1,1,1,0,0,20250929,20251020
IDFM:TN:30488042,0,0,0,0,0,1,1,20250927,20251019
IDFM:TN:30488043,0,0,0,0,0,0,1,20251005,20251012
IDFM:TN:30488102,0,0,1,0,0,0,0,20251008,20251008
IDFM:TN:30488260,1,1,1,1,1,0,1,20250923,20251020
IDFM:TN:30488305,0,1,0,0,0,0,0,20250923,20250923
IDFM:TN:30488315,1,1,1,1,1,1,0,20250923,20251020
IDFM:TN:30488327,0,0,0,0,0,1,1,20250924,20251019
IDFM:TN:30488336,1,0,0,0,0,0,1,20251013,20251019
IDFM:TN:30488560,1,0,0,0,0,0,0,20250927,20251020
IDFM:TN:30488570,0,0,0,0,0,0,1,20250928,20251019
IDFM:TN:30488571,0,1,0,0,0,0,0,20251014,20251014
IDFM:TN:30488735,1,0,0,0,0,1,1,20250927,20251020
IDFM:TN:30488922,0,1,1,1,1,0,0,20251007,20251010
IDFM:TN:30489014,0,0,0,0,0,0,1,20250927,20251019
IDFM:TN:30489024,0,0,0,0,0,0,1,20250928,20251019
IDFM:TN:30489087,1,1,0,1,1,0,0,20250926,20251020
IDFM:TN:30489088,1,1,1,1,1,1,1,20250926,20251020
IDFM:TN:30489089,0,0,1,0,1,0,0,20251008,20251010
IDFM:TN:30489090,1,1,1,1,1,0,0,20250926,20251020
IDFM:TN:30489149,0,1,0,0,0,0,0,20251007,20251007
IDFM:TN:30489220,0,0,0,0,0,0,1,20251004,20251012
IDFM:TN:30489297,1,0,1,1,1,1,1,20250924,20251020
IDFM:TN:30489299,0,1,0,0,0,0,0,20250930,20250930
IDFM:TN:30489469,0,1,0,0,0,0,0,20250929,20251007
IDFM:TN:30489471,1,1,1,1,1,0,0,20250929,20251020
IDFM:TN:30489726,1,0,1,1,1,1,1,20250924,20251020
IDFM:TN:30489920,0,0,0,0,0,1,1,20250927,20251012
IDFM:TN:30489980,0,0,0,0,1,0,0,20250925,20251003
IDFM:TN:30489991,0,0,0,0,0,1,0,20250927,20251019
IDFM:TN:30489992,0,0,0,0,0,1,1,20250927,20251020
IDFM:TN:30489998,1,0,0,1,1,0,0,20250929,20251003
IDFM:TN:30489999,0,1,1,0,0,0,0,20250930,20251001
IDFM:TN:30490002,1,0,0,1,1,1,1,20251006,20251019
IDFM:TN:30490004,0,1,1,0,0,0,0,20251007,20251008
IDFM:TN:30490008,1,1,0,0,0,0,0,20251013,20251014
IDFM:TN:30490013,1,0,0,0,0,0,1,20250928,20251020
IDFM:TN:30490064,1,1,1,1,1,1,1,20250927,20251020
IDFM:TN:30490075,1,1,1,1,1,1,0,20250927,20251020
IDFM:TN:30490085,0,0,0,1,0,0,0,20251002,20251002
IDFM:TN:30490090,0,0,0,0,0,1,1,20251011,20251020
IDFM:TN:30490131,0,1,1,0,0,0,0,20250923,20250924
IDFM:TN:30490144,1,0,0,1,0,0,0,20250925,20251020
IDFM:TN:30490154,0,0,0,0,0,1,1,20250927,20251020
IDFM:TN:30490156,0,0,0,0,0,1,0,20250927,20251020
IDFM:TN:30490161,0,0,0,0,0,1,1,20250927,20251020
IDFM:TN:30490162,0,0,0,0,0,1,1,20250927,20251019
IDFM:TN:30490170,1,0,0,0,0,0,0,20250929,20251020
IDFM:TN:30490180,1,1,1,1,1,0,0,20251006,20251019
IDFM:TN:30490190,0,1,1,0,0,0,0,20251014,20251015
IDFM:TN:30490264,1,1,1,1,0,0,0,20251006,20251016
IDFM:TN:30490313,1,0,0,1,0,1,1,20250927,20251016
IDFM:TN:30490348,1,0,0,0,1,0,0,20250926,20251017
IDFM:TN:30490349,1,0,0,0,1,0,0,20250926,20251020
IDFM:TN:30490350,0,1,1,1,1,1,0,20250927,20251018
IDFM:TN:30490353,0,0,1,0,0,0,0,20251008,20251015
IDFM:TN:30490362,1,1,1,1,0,0,0,20251006,20251009
IDFM:TN:30490465,0,0,0,0,0,1,1,20250927,20251019
IDFM:TN:30490542,1,0,0,0,0,0,1,20251005,20251020
IDFM:TN:30490695,1,0,0,0,0,0,0,20251005,20251020
IDFM:TN:30490779,0,0,0,0,0,1,1,20250928,20251019
IDFM:TN:30490781,1,1,1,1,1,0,1,20250928,20251020
IDFM:TN:30490782,0,0,0,0,0,1,0,20251004,20251018
IDFM:TN:30490783,0,0,0,0,0,1,1,20251004,20251019
IDFM:TN:30490793,0,0,0,0,0,1,0,20250927,20251011
IDFM:TN:30490805,0,0,0,0,0,1,0,20250927,20251012
IDFM:TN:30490913,0,0,0,0,0,1,1,20250927,20251019
IDFM:TN:30491115,1,1,1,1,1,0,1,20250928,20251020
IDFM:TN:30491117,1,1,1,1,1,1,0,20250929,20251020
IDFM:TN:30491382,1,0,1,1,1,0,0,20251001,20251020
IDFM:TN:30491458,0,0,0,0,1,0,0,20251010,20251010
IDFM:TN:30491763,1,1,1,1,1,1,1,20250928,20251020
IDFM:TN:30491929,1,1,1,1,1,0,0,20250928,20251020
IDFM:TN:30492573,0,0,0,0,0,1,0,20250927,20251011
IDFM:TN:30492606,1,1,1,1,1,0,0,20250923,20251020
IDFM:TN:30492627,0,0,0,0,0,1,1,20250927,20251018
IDFM:TN:30492636,0,0,0,0,0,0,1,20250928,20251012
IDFM:TN:30492649,0,0,0,0,0,0,1,20251005,20251019
IDFM:TN:30493020,0,0,0,0,0,1,1,20250927,20251019
IDFM:TN:30493021,0,0,0,0,1,0,0,20251003,20251017
IDFM:TN:30493144,0,0,0,0,0,0,1,20250928,20251013
IDFM:TN:30493385,0,1,1,1,1,1,0,20250923,20251018
IDFM:TN:30493416,1,0,0,0,0,0,1,20250928,20251020
IDFM:TN:30493605,0,0,0,0,0,1,1,20251004,20251020
IDFM:TN:30494594,1,0,0,0,0,0,1,20250928,20251006
IDFM:TN:30494871,1,1,1,1,1,0,0,20250929,20251017
IDFM:TN:30494873,1,1,1,1,1,0,0,20250929,20251010
IDFM:TN:30494875,0,1,1,1,1,1,0,20250930,20251018
IDFM:TN:30494961,1,0,0,0,0,0,0,20251013,20251020
IDFM:TN:30495126,1,0,0,0,0,0,0,20250929,20251006
IDFM:TN:30495282,1,1,1,1,1,0,0,20250929,20251017
IDFM:TN:30495304,0,1,1,1,1,1,0,20250930,20251011
IDFM:TN:30496036,1,1,1,1,1,0,0,20250929,20251020
IDFM:TN:30496463,1,1,1,1,1,0,0,20250927,20251017
IDFM:TN:30496962,1,1,1,1,1,0,0,20250929,20251020
IDFM:TN:30496963,1,0,0,0,0,0,0,20250929,20251020
IDFM:TN:30497279,0,1,1,0,0,0,0,20250923,20251001
IDFM:TN:30497282,0,0,0,1,1,0,0,20250925,20251017
IDFM:TN:30497452,1,1,1,0,0,0,0,20250923,20251017
IDFM:TN:30497453,0,0,0,1,1,0,0,20250925,20251003
IDFM:TN:30497503,1,1,1,0,0,0,0,20250923,20251020
IDFM:TN:30498151,1,0,0,0,0,0,1,20250928,20251013
IDFM:TN:30498676,0,1,1,1,1,0,0,20250923,20251017
IDFM:TN:30498893,0,1,1,1,1,0,0,20250923,20251018
IDFM:TN:30498907,0,0,0,0,0,0,1,20250927,20251019
IDFM:TN:30499665,0,1,1,1,1,1,0,20250923,20251011
IDFM:TN:30499928,1,1,1,1,0,0,0,20250923,20251020
IDFM:TN:30499934,1,1,1,1,0,0,0,20250923,20251009
IDFM:TN:30499937,0,0,0,0,1,0,0,20250926,20251010
IDFM:TN:30500158,1,0,0,0,0,0,0,20251013,20251020
IDFM:TN:30500162,0,1,1,1,1,1,0,20251014,20251018
IDFM:TN:30500515,0,0,0,0,0,0,1,20250928,20251005
IDFM:TN:30500826,1,1,1,1,1,0,0,20250923,20251020
IDFM:TN:30500854,1,1,1,1,0,0,0,20250923,20251020
IDFM:TN:30500856,0,0,0,0,1,0,0,20250926,20250926
IDFM:TN:30501623,1,1,1,1,1,0,0,20250925,20251020
IDFM:TN:30502852,0,0,0,0,1,0,0,20250923,20251020
IDFM:TN:30502855,0,0,0,0,0,0,1,20250928,20251019
IDFM:TN:30502856,1,0,0,0,0,0,0,20250929,20251020
IDFM:TN:30502911,0,1,1,1,1,1,1,20250923,20251019
IDFM:TN:30502914,0,0,0,0,1,1,0,20250926,20251018
IDFM:TN:30502915,0,0,0,0,1,0,1,20250926,20251020
IDFM:TN:30502952,0,0,0,0,0,1,0,20251004,20251018
IDFM:TN:30502974,1,1,1,1,0,0,0,20250923,20251016
IDFM:TN:30503028,1,1,0,1,0,0,0,20251013,20251016
IDFM:TN:30503090,1,0,0,0,0,0,0,20250929,20251020
IDFM:TN:30503096,1,1,1,1,1,0,0,20250929,20251020
IDFM:TN:30503115,1,0,0,0,0,0,0,20251006,20251020
IDFM:TN:30503148,0,1,0,1,0,0,0,20250923,20251010
IDFM:TN:30503151,1,0,1,0,1,0,0,20250924,20251020
IDFM:TN:30503163,0,1,1,0,0,0,0,20250930,20251010
IDFM:TN:30503166,0,1,1,1,1,0,0,20250923,20251009
IDFM:TN:30503167,1,1,1,1,1,0,0,20250923,20251010
IDFM:TN:30503168,1,0,1,0,1,0,0,20251006,20251010
IDFM:TN:30503186,1,1,1,1,1,0,0,20250923,20251020
IDFM:TN:30503233,1,1,1,1,0,0,0,20250929,20251020
IDFM:TN:30503243,0,1,1,1,1,0,0,20250923,20251017
IDFM:TN:30503244,0,1,1,0,1,0,0,20250923,20251017
IDFM:TN:30503246,1,0,0,0,0,0,0,20250929,20251013
IDFM:TN:30503247,0,0,0,1,0,0,0,20250929,20251009
IDFM:TN:30503248,0,0,0,1,0,0,0,20251002,20251016
IDFM:TN:30503268,1,1,1,1,1,0,0,20251007,20251020
IDFM:TN:30503421,1,1,1,1,1,0,0,20250923,20251020
IDFM:TN:30503424,1,0,1,1,1,0,0,20250924,20251020
IDFM:TN:30503457,0,1,0,1,0,0,0,20250923,20251016
IDFM:TN:30503459,0,0,1,0,1,0,0,20250924,20251020
IDFM:TN:30503479,0,0,0,0,1,0,0,20250926,20251017
IDFM:TN:30503490,1,0,0,0,0,0,0,20251006,20251013
IDFM:TN:30503547,1,1,1,1,1,0,1,20250923,20251020
IDFM:TN:30503574,1,1,1,1,0,0,0,20250923,20251009
IDFM:TN:30503575,0,0,0,0,1,0,0,20250926,20251010
IDFM:TN:30503606,1,1,1,1,1,0,0,20250926,20251017
IDFM:TN:30503620,1,1,0,0,0,0,0,20251007,20251020
IDFM:TN:30503638,0,0,0,0,0,1,1,20250927,20251019
IDFM:TN:30503653,1,1,1,1,1,0,1,20250928,20251020
IDFM:TN:30503655,1,1,1,1,1,1,0,20250929,20251020
IDFM:TN:30503684,0,0,0,0,0,0,1,20250928,20251019
IDFM:TN:30503685,1,0,0,0,0,0,0,20250929,20251020
IDFM:TN:30503700,1,1,1,1,1,0,0,20250929,20251020
IDFM:TN:30503701,0,0,0,0,0,1,1,20251004,20251019
IDFM:TN:30503795,1,1,1,1,1,0,0,20250929,20251020
IDFM:TN:30503806,1,1,1,1,1,1,0,20250930,20251020
IDFM:TN:30503811,0,0,0,0,0,1,1,20251004,20251018
IDFM:TN:30504928,1,0,0,0,0,0,1,20250928,20251012
IDFM:TN:30507368,1,1,1,0,0,0,0,20251006,20251020
IDFM:TN:30508137,0,0,0,0,1,1,1,20250926,20251020
IDFM:TN:30508151,1,1,1,1,1,0,0,20250923,20251013
IDFM:TN:30508160,1,1,1,1,1,0,0,20250923,20251017
IDFM:TN:30508169,0,1,1,1,1,0,0,20250923,20251017
IDFM:TN:30508506,0,0,0,0,0,1,0,20250927,20251020
IDFM:TN:30508732,1,0,0,0,0,0,0,20251006,20251020
IDFM:TN:30508739,1,1,1,1,1,0,0,20250923,20251020
IDFM:TN:30508741,0,0,0,0,1,0,0,20250926,20251017
IDFM:TN:30508758,1,1,1,1,0,0,0,20251006,20251020
IDFM:TN:30508759,0,0,0,0,1,0,0,20251010,20251017
IDFM:TN:30508772,1,1,1,1,1,0,0,20250923,20251020
IDFM:TN:30508790,1,1,1,1,1,1,0,20250923,20251011
IDFM:TN:30508807,0,1,1,1,1,0,0,20250923,20251017
IDFM:TN:30508828,0,1,1,1,1,0,0,20250923,20251010
IDFM:TN:30508848,0,0,0,0,0,0,1,20250928,20251019
IDFM:TN:30508889,0,0,0,0,0,0,1,20251005,20251019
IDFM:TN:30508950,1,1,1,0,1,0,0,20250923,20251020
IDFM:TN:30508954,0,0,0,1,0,0,0,20250925,20251016
IDFM:TN:30509037,0,0,1,0,0,0,0,20250924,20251015
IDFM:TN:30509039,0,1,1,1,0,0,0,20250923,20251002
IDFM:TN:30509451,1,0,0,0,0,0,0,20250929,20251020
IDFM:TN:30456437,0,0,0,0,0,0,1,20250921,20250921
IDFM:TN:30428241,0,0,0,0,0,1,0,20250920,20250920
IDFM:TN:30371088,0,0,0,0,1,0,0,20250919,20250919
IDFM:TN:30316013,0,0,0,1,0,0,0,20250918,20250918
IDFM:TN:820d01f3-8697-3779-a140-1ebf9839ca47,0,1,1,1,1,0,0,20250924,20251017
IDFM:TN:04aa74d7-66db-3ea7-b5e0-b804d9a3eff4,1,1,1,1,1,1,1,20250924,20251020
IDFM:TN:00f336bb-90d6-37ba-9e06-fcabe9716f1b,1,1,1,1,1,1,0,20250924,20251020
IDFM:TN:fa8ef6d6-a64c-3b59-92f0-5c753cdb3036,0,1,1,1,1,1,0,20250924,20251018
IDFM:TN:61ef7f65-f2b2-3f5d-be86-98c7919020fc,1,1,1,1,1,0,0,20250924,20251020
IDFM:TN:1bd64a7e-b91e-34ed-8cc6-eb5188e7f115,0,1,1,1,1,1,0,20250924,20251018
IDFM:TN:29e1542a-d054-3d0d-b2c8-5c4c48e24e05,1,1,1,1,1,1,1,20250924,20251020
IDFM:TN:50340ac4-43b5-323a-8f0c-55342f2fccca,1,1,1,1,1,0,1,20250924,20251020
IDFM:TN:76e8ac30-19e4-3cfa-87d5-d9817e143df4,0,1,1,1,1,1,0,20250924,20251018
IDFM:TN:1a654603-9519-3225-bc5f-028216e7e0bc,1,1,1,1,1,1,1,20250924,20251020
IDFM:TN:1d460d66-faa4-371a-bc52-287d5894a6b3,1,1,1,1,1,1,0,20250924,20251020
IDFM:TN:289bb182-b0c2-392d-9617-379aa138e344,1,1,1,1,1,0,1,20250924,20251020
IDFM:TN:201a43d9-102d-3cd4-a347-e3f5ed96fc88,1,1,1,1,1,1,1,20250924,20251020
IDFM:TN:1038bc88-e5ba-346d-b0c4-f5110d907318,1,1,1,1,1,1,1,20250924,20251020
IDFM:TN:165ba5f3-571f-35bb-bdde-74f4626eca6c,0,0,1,1,1,1,1,20250924,20250928
IDFM:TN:e41175d3-e721-3869-90ae-18a9d6fdf20d,1,1,1,1,1,0,0,20250924,20251020
IDFM:TN:018eda92-add5-3bfe-9a14-37bc2cae147c,1,1,1,1,1,0,0,20250924,20251010
IDFM:TN:2a56ac3e-699b-34c2-b4cb-6b251c004391,0,0,1,1,1,0,0,20250924,20251010
IDFM:TN:b60f5d4a-72c3-3a62-b6e3-03c0ac5d2570,1,1,1,1,0,0,0,20250924,20251020
IDFM:TN:5f50d679-bf98-3073-a3b4-40c35182f3f6,1,1,1,1,1,1,1,20250924,20251019
IDFM:TN:4a630df7-52ae-33df-a771-288bc90c84be,1,1,1,1,1,0,0,20250924,20251020
IDFM:TN:1ddb3262-f9d1-32fd-bb4f-f7f0dc704e49,0,1,1,1,1,1,0,20250924,20251018
IDFM:TN:5538d5d9-d28a-3323-a9fc-4a3c3a8bfc95,0,1,1,1,1,1,0,20250924,20251018
IDFM:TN:f6f48df6-0077-30e2-8a28-2471e06698df,0,0,1,1,1,1,0,20250924,20251018
IDFM:TN:1865ad68-b3de-3834-a7b8-f30f9bfa9789,0,0,1,1,0,0,0,20250924,20250925
IDFM:TN:073d52ab-8b9a-31aa-a9d2-fa308c652648,1,1,1,1,1,1,1,20250924,20251019
IDFM:TN:0fd38de2-7524-3ddf-99f3-e1b53c378cbf,1,1,1,1,1,1,0,20250924,20251020
IDFM:TN:1165fecd-3987-31d1-9df3-49bc677fde5c,1,1,1,1,1,0,1,20250924,20251020
IDFM:TN:c986e30f-2273-3f4c-908d-6e70aa061911,1,1,1,1,1,0,0,20250924,20251020
IDFM:TN:3a4c621f-22d9-3cd3-be19-ee5c1e0f4017,1,0,1,1,1,0,0,20250924,20251020
IDFM:TN:514fa139-d7e3-37ab-b70d-4fc0bad73200,0,0,1,1,1,0,0,20250924,20251017
IDFM:TN:43e9239d-4310-316a-be38-e69b1cc41d70,1,1,1,1,1,0,0,20250924,20251020
IDFM:TN:b3d46b9b-eaaa-36da-b6a4-915c96d0bcad,1,0,1,1,1,0,0,20250924,20251020
IDFM:TN:42e584e7-f011-316e-b97f-10c4e45fb405,0,0,1,1,1,1,1,20250924,20251019
IDFM:TN:0f7980fe-4530-39e2-b93e-e7320702e9aa,1,0,1,1,1,0,0,20250924,20251020
IDFM:TN:87fb6a17-1d60-3d98-babc-65d48e8d40a2,1,0,1,1,1,0,0,20250924,20251020
IDFM:TN:6009ed9a-5e13-3ad8-ad67-9e77b8550b2d,0,0,0,0,0,1,1,20250924,20251020
IDFM:TN:0b5cdcd3-10ee-34d5-ad67-2b59436d6075,1,0,1,1,1,0,0,20250924,20251020
IDFM:TN:58e353b0-974d-3abe-b43f-256c812b9262,1,1,1,1,1,0,0,20250924,20251020
IDFM:TN:87d03262-c454-3212-bc66-f58a7c1657a1,1,1,1,1,1,0,0,20250924,20251019
IDFM:TN:1523d94f-b9fa-3d03-b15a-a92614fc67eb,0,0,1,0,0,0,0,20250924,20250924
IDFM:TN:6750b9c5-096a-35e0-a557-20ef212e7c79,1,0,1,1,1,0,0,20250924,20251020
IDFM:TN:a125be55-2be3-3977-8333-6ba19711be58,1,1,1,1,1,0,0,20250924,20251020
IDFM:TN:18589da5-7e10-3a89-aec3-982fcd6c039e,0,0,0,0,0,1,1,20250924,20251019
IDFM:TN:6513f81a-0fe1-3a51-a041-4c4edeb54ffc,0,0,0,0,1,1,1,20250924,20251020
IDFM:TN:c85d094d-e93f-3224-bf1f-869cf8b55559,0,0,1,0,1,0,0,20250924,20251020
IDFM:TN:37e53a99-a512-35bf-85d1-d4e7493ee8f7,1,0,1,1,1,0,0,20250924,20251020
IDFM:TN:deb4e3dc-cf26-3995-a634-778c53ff5c3f,1,0,1,1,1,1,1,20250924,20251020
IDFM:TN:e3c23cea-a1c2-35f6-b162-b61187203bdc,1,1,1,1,1,1,0,20250924,20251020
IDFM:TN:3b78137a-42ce-3564-bca4-748d46eb0e1f,0,1,1,1,0,0,0,20250924,20251016
IDFM:TN:00d2a9ae-d176-36f5-95f7-2bb5b5c2b355,1,1,1,1,1,1,1,20250924,20251020
IDFM:TN:0ec28895-76b8-381f-9d50-f1f4db2400da,1,1,1,1,1,0,0,20250924,20251020
IDFM:TN:c8a93aa4-4a10-373c-87e4-2a0a01681546,1,1,1,1,1,0,1,20250924,20251020
IDFM:TN:01ef9547-3ee8-30b3-9277-0d3be0a852e2,1,1,1,1,1,0,0,20250924,20251020
IDFM:TN:24f647b1-027d-390b-b76e-2023c4096ce0,0,1,1,1,1,1,0,20250924,20251019
IDFM:TN:1abc15fb-4094-3ffa-877c-64e6846b72c1,1,1,1,1,1,0,0,20250924,20251018
IDFM:TN:000c07ac-69bb-3dba-9b9e-c5efc63273d0,1,1,1,1,1,0,0,20250924,20251020
IDFM:TN:09e7913f-9898-3e60-aba0-98af067ca12c,1,1,1,1,1,0,0,20250924,20251020
IDFM:TN:005dfac1-61fd-3ca5-8607-5516c1aadb19,1,1,1,1,1,0,0,20250924,20251017
IDFM:TN:06c29eee-80d1-35b8-ae56-9ca1308cf896,1,1,1,1,1,0,0,20250924,20251020
IDFM:TN:451d97fa-be0f-3de9-99f8-46ccdb972590,1,1,1,1,1,0,0,20250924,20251020
IDFM:TN:0070f447-ca0f-3d3d-a976-babdb41bc92f,0,0,1,1,1,0,0,20250924,20250926
IDFM:TN:018ef01f-c571-39ee-9b2b-60f407758cb9,1,1,1,1,1,0,0,20250924,20251020
IDFM:TN:1bc23fa5-f2c4-34ea-8a8d-5bf64c614a59,0,0,1,1,1,0,0,20250924,20251010
IDFM:TN:121ad8df-c4c2-3516-b076-fbf0c426cf56,1,1,1,1,1,0,0,20250924,20251020
IDFM:TN:8dab65dd-e8db-3d0f-8370-422d8c411d55,1,0,1,1,1,0,0,20250924,20251020
IDFM:TN:8d4dbe21-51bb-3cd6-a235-2c5fc86cedc0,1,0,1,1,1,0,0,20250924,20251020
IDFM:TN:a0ab1dfc-50fb-35ad-94a9-6f9bbf30e0c5,1,1,1,1,1,0,0,20250924,20251020
IDFM:TN:c3e09622-9b86-3079-97e6-3b7b590326c0,1,0,1,1,1,0,0,20250924,20251020
IDFM:TN:ac3e4b53-4d09-3ece-b43e-b0ab04448464,1,0,1,1,1,0,0,20250924,20251020
IDFM:TN:581a5bcc-facc-36fb-b3af-03377905f2d5,1,0,1,1,1,0,0,20250924,20251020
IDFM:TN:0aa47473-5c4b-3e98-9372-6da8c626275b,0,1,1,1,1,1,0,20250924,20251018
IDFM:TN:04f196c1-9c4c-37b3-aad3-dee2afc842a3,1,1,1,1,1,1,0,20250924,20251020
IDFM:TN:13ec0d21-a3a6-3f8f-9d00-5f88adfffda3,1,0,1,1,1,1,1,20250924,20251020
IDFM:TN:8a7416b3-40ca-3d05-b947-ed723431d360,0,0,0,0,0,1,1,20250924,20251019
IDFM:TN:b302c6c6-9685-3288-896e-2cecebbc5de2,0,1,0,0,0,0,0,20250924,20251014
IDFM:TN:20e28c16-e3a8-3041-8ec1-e2cc8088ce53,1,1,1,1,1,0,0,20250924,20251020
IDFM:TN:512f4486-6c85-3b38-b9ca-949540f7be1f,1,0,1,1,1,1,1,20250924,20251020
IDFM:TN:1bf8b922-ea57-3065-b595-aefb9dbf27bd,1,1,1,1,1,0,1,20250924,20251020
IDFM:TN:478d8cc5-c55d-36be-8a0c-d8de624bbc19,0,1,1,1,1,1,0,20250924,20251011
IDFM:TN:96174093-b2bd-318e-bc9f-7f0e2f078800,0,0,1,1,1,0,0,20250924,20251018
IDFM:TN:0216c592-a303-3be4-ae21-3b507d224503,0,1,0,0,0,0,0,20250930,20251014
IDFM:TN:03996ff6-600d-3b89-a871-c6a43c35ca6b,1,1,1,1,1,0,0,20250924,20251020
IDFM:TN:285e6459-855c-3224-a2ac-4cfa678817bf,1,0,1,1,1,0,0,20250924,20251020
IDFM:TN:191831c9-a1bb-3754-9212-5e52a6cd5f38,1,1,1,1,1,1,1,20250924,20251010
IDFM:TN:bcfbf502-5170-3878-b3b2-154330b56c47,0,0,1,1,1,1,1,20250924,20251005
IDFM:TN:9003f2c0-7cff-3c72-9176-45cca4c32d84,1,1,1,1,1,1,1,20250924,20251020
IDFM:TN:56485841-ca1b-3883-8fb5-d56af4326709,1,1,1,1,1,1,1,20250924,20251020
IDFM:TN:191c8210-373c-379b-821b-974797bd072f,1,0,1,1,1,0,0,20250924,20251020
IDFM:TN:4a32c244-35dd-397a-9a49-7a5d253f1ae0,1,1,1,1,1,1,1,20250924,20251020
IDFM:TN:1856524a-c914-31b9-8f6a-2421a8eb3d02,1,1,1,1,1,0,0,20250924,20251020
IDFM:TN:2879138b-bf14-32e9-b09c-24bac7507daf,0,1,0,0,0,0,0,20250927,20251014
IDFM:TN:5510f202-d0cd-3475-812d-2099cb277dd2,1,1,1,1,1,0,0,20250924,20251020
IDFM:TN:d6588be8-7043-372d-ae01-6eb4f413b524,1,1,1,1,1,0,0,20250924,20251020
IDFM:TN:89cc508d-136e-3a04-b5d0-35d3a8359286,1,1,1,1,1,0,1,20250924,20251020
IDFM:TN:5284d018-4e58-3256-9b0e-3f3f0a4e9c67,0,0,1,1,1,0,0,20250924,20251003
IDFM:TN:81a18be5-da37-364c-8f7f-63366bd7a071,1,1,1,1,1,1,1,20250924,20251020
IDFM:TN:e6c33589-d88f-30aa-94f9-156bfd114d2d,1,0,1,1,1,0,0,20250924,20251020
IDFM:TN:2a9bd8cd-9f55-35d8-a1b6-0751ff777ffe,1,1,1,0,0,0,0,20250924,20251015
IDFM:TN:a4d0b8f2-2dd4-389f-833a-bb3b29b45411,1,1,1,1,1,0,0,20250924,20251010
IDFM:TN:0bedf4bb-7dfe-3c45-8212-e2d9ee3b4a1c,1,1,1,1,1,0,0,20250924,20251020
IDFM:TN:f23a1401-230c-3311-b9e0-53b44b92c781,1,1,1,1,1,0,0,20250924,20251020
IDFM:TN:5bfe9a9e-2411-3c05-93f3-534a0c4caffb,1,1,1,1,1,0,0,20250924,20251020
IDFM:TN:70457fc1-7c27-3237-ade9-aa667d8e415f,0,0,0,0,0,1,1,20250924,20251019
IDFM:TN:00ffb827-e0a9-3d68-98cf-e23548a51176,1,1,1,1,1,0,0,20250924,20251020
IDFM:TN:02cbdb6c-2915-3363-b0e5-ed2b0667e0de,0,0,1,1,1,1,0,20250924,20250927
IDFM:TN:3e7d712f-d111-30d6-96aa-dbbf9713f463,1,0,1,1,1,0,0,20250924,20251020
IDFM:TN:077288f4-cb08-39eb-b18a-e21691a30eba,1,1,1,1,1,0,0,20250924,20251020
IDFM:TN:0216de59-d4d9-39df-bef8-a0b34ecf2e34,1,1,1,1,1,0,0,20250924,20251017
IDFM:TN:a362249c-3bd4-32b0-93ee-facefbbefe20,0,0,1,1,1,1,1,20250924,20251018
IDFM:TN:5d61554b-8138-3603-ac20-9158e440239e,1,1,1,1,1,0,0,20250924,20251017
IDFM:TN:cdc02dec-5f24-3cc7-b62e-4bad8bb7b5f5,0,1,1,1,1,1,0,20250924,20251018
IDFM:TN:592426dd-f56d-3fe4-94a4-a5d038899f4e,0,0,0,0,0,1,1,20250924,20251019
IDFM:TN:c758de0d-2fa3-3506-8aa6-a49ac40a8ae7,1,0,1,1,1,0,0,20250924,20251020
IDFM:TN:6af647db-4d81-34ea-98cb-c86919d5860e,1,1,1,1,1,0,0,20250924,20251011
IDFM:TN:2797591e-8d6f-30e1-90f0-61423850dfd8,1,1,1,1,1,0,0,20250924,20251020
