service_id,monday,tuesday,wednesday,thursday,friday,saturday,sunday,start_date,end_date
IDFM:1,1,1,1,1,1,1,1,20251128,20251227
IDFM:1029,1,1,1,0,1,0,0,20251222,20251226
IDFM:1031,0,0,0,1,0,0,0,20251225,20251225
IDFM:1035,0,0,0,0,0,0,1,20251130,20251221
IDFM:1405,0,1,0,1,0,0,0,20251202,20251218
IDFM:2753,1,0,0,0,0,0,1,20251130,20251222
IDFM:4985,0,1,1,1,1,1,1,20251128,20251227
IDFM:10000,0,0,0,0,0,0,1,20251130,20251225
IDFM:10003,1,1,1,1,1,0,0,20251128,20251226
IDFM:10037,0,0,0,0,0,1,0,20251129,20251227
IDFM:10064,0,0,0,0,0,1,1,20251129,20251227
IDFM:10278,0,0,0,0,1,0,0,20251128,20251226
IDFM:10557,0,0,1,0,0,0,0,20251203,20251217
IDFM:10572,1,1,0,1,1,0,0,20251128,20251219
IDFM:11128,0,0,0,0,0,1,0,20251227,20251227
IDFM:11700,1,1,1,1,1,1,1,20251128,20251227
IDFM:11719,0,0,0,0,0,1,1,20251129,20251227
IDFM:12890,0,0,1,0,1,0,0,20251224,20251226
IDFM:12898,1,1,0,1,0,0,0,20251201,20251218
IDFM:13720,0,1,1,1,1,1,0,20251128,20251220
IDFM:13788,1,0,0,0,0,0,0,20251201,20251215
IDFM:13842,0,1,1,1,0,1,0,20251223,20251227
IDFM:14440,1,1,0,0,1,0,0,20251222,20251226
IDFM:14522,0,0,0,0,0,1,1,20251129,20251221
IDFM:17905,0,0,1,0,0,1,0,20251129,20251220
IDFM:18183,0,0,0,0,0,1,0,20251129,20251206
IDFM:18187,0,0,0,0,0,0,1,20251130,20251207
IDFM:18220,0,0,0,0,0,1,0,20251213,20251227
IDFM:18309,0,0,0,0,0,1,0,20251129,20251227
IDFM:18318,0,0,0,0,0,1,0,20251213,20251220
IDFM:18415,0,0,0,0,0,0,1,20251130,20251225
IDFM:18427,0,0,0,0,0,0,1,20251214,20251225
IDFM:19068,0,0,0,0,0,1,0,20251129,20251225
IDFM:20258,0,0,0,0,0,0,1,20251214,20251221
IDFM:26808,1,1,1,1,1,0,0,20251201,20251224
IDFM:28976,0,0,0,0,0,0,1,20251207,20251214
IDFM:30291,0,1,1,1,1,0,0,20251128,20251224
IDFM:40970,0,1,1,1,1,0,0,20251128,20251224
IDFM:54321,0,0,0,0,0,0,1,20251130,20251214
IDFM:58840,0,0,0,0,0,1,0,20251129,20251226
IDFM:60311,0,0,0,0,1,0,0,20251128,20251227
IDFM:64644,1,1,1,0,1,0,0,20251128,20251219
IDFM:80900,0,0,0,0,1,0,0,20251128,20251219
IDFM:83630,0,1,1,1,0,0,0,20251202,20251218
IDFM:83638,1,0,0,0,1,0,0,20251128,20251219
IDFM:84708,1,1,1,1,1,0,0,20251128,20251218
IDFM:85011,1,1,1,1,0,0,0,20251201,20251219
IDFM:89263,0,0,0,0,0,0,1,20251130,20251223
IDFM:89697,0,0,0,0,1,1,0,20251128,20251220
IDFM:91383,0,0,1,1,0,0,0,20251210,20251211
IDFM:91406,0,0,0,0,0,0,1,20251207,20251225
IDFM:91460,1,1,0,0,1,0,0,20251128,20251219
IDFM:91566,1,1,1,0,1,0,0,20251128,20251224
IDFM:94862,1,1,1,1,0,0,1,20251130,20251218
IDFM:95902,0,1,0,0,1,0,0,20251128,20251223
IDFM:96036,1,0,1,1,0,0,0,20251201,20251224
IDFM:96052,1,0,1,1,1,0,0,20251128,20251224
IDFM:96191,1,0,1,1,1,0,0,20251128,20251224
IDFM:96246,0,1,0,0,0,0,0,20251202,20251224
IDFM:100000,0,0,0,0,0,1,0,20251129,20251227
IDFM:100001,1,1,1,0,0,0,0,20251222,20251224
IDFM:100002,1,1,1,1,1,0,0,20251128,20251219
IDFM:100005,0,0,0,0,1,0,0,20251128,20251219
IDFM:100017,1,1,1,1,0,0,0,20251201,20251218
IDFM:100030,1,1,0,0,0,0,0,20251222,20251223
IDFM:100647,0,0,1,0,0,0,0,20251224,20251224
IDFM:100758,1,1,1,1,1,0,0,20251128,20251224
IDFM:100841,0,0,0,0,1,0,0,20251128,20251224
IDFM:100911,0,0,0,0,1,0,0,20251128,20251224
IDFM:100974,1,1,1,1,1,1,0,20251128,20251227
IDFM:101066,1,1,1,1,0,0,0,20251201,20251224
IDFM:101344,0,0,0,0,0,1,0,20251129,20251220
IDFM:101740,0,0,0,0,0,1,0,20251129,20251227
IDFM:101777,0,0,0,0,1,1,0,20251226,20251227
IDFM:101996,0,0,0,0,0,1,0,20251129,20251227
IDFM:102001,0,0,0,0,0,0,1,20251207,20251221
IDFM:102073,0,0,0,0,0,1,0,20251129,20251227
IDFM:102091,0,0,0,0,0,1,1,20251129,20251227
IDFM:102111,1,1,1,1,1,0,0,20251128,20251223
IDFM:102519,0,0,0,0,0,0,1,20251130,20251225
IDFM:102553,1,1,1,1,1,0,1,20251128,20251225
IDFM:102604,1,1,1,1,1,1,0,20251128,20251227
IDFM:103045,1,1,1,1,1,1,0,20251128,20251224
IDFM:103610,1,1,1,1,0,0,0,20251201,20251223
IDFM:106857,0,0,0,0,0,1,0,20251129,20251129
IDFM:107324,0,0,0,0,0,1,0,20251206,20251220
IDFM:108708,0,0,0,0,0,0,1,20251130,20251225
IDFM:108711,1,1,1,1,1,1,1,20251128,20251227
IDFM:110364,1,1,0,1,1,0,0,20251128,20251224
IDFM:110541,0,0,0,0,0,1,1,20251129,20251227
IDFM:111644,1,1,1,1,1,1,0,20251128,20251227
IDFM:111776,1,1,1,1,1,1,1,20251128,20251227
IDFM:111872,1,1,1,1,1,0,0,20251128,20251227
IDFM:112160,0,0,0,0,0,0,1,20251130,20251226
IDFM:112194,1,1,1,0,1,1,0,20251222,20251227
IDFM:112198,0,0,0,0,0,1,0,20251129,20251226
IDFM:113976,0,0,0,0,0,1,0,20251129,20251226
IDFM:114751,0,0,0,0,1,0,0,20251226,20251226
IDFM:115628,1,1,1,1,1,0,0,20251128,20251212
IDFM:115642,0,0,0,0,0,0,1,20251130,20251214
IDFM:115644,0,0,0,0,0,1,0,20251129,20251213
IDFM:115674,0,0,0,0,1,0,0,20251128,20251212
IDFM:115713,1,1,1,1,0,0,0,20251201,20251211
IDFM:116101,0,0,0,0,0,1,0,20251220,20251227
IDFM:116102,1,1,1,1,1,0,0,20251215,20251219
IDFM:118832,1,1,1,1,1,0,1,20251128,20251225
IDFM:119458,1,1,1,0,0,0,0,20251215,20251224
IDFM:124530,0,0,1,0,1,0,0,20251128,20251219
IDFM:127159,1,1,1,1,0,0,0,20251222,20251225
IDFM:134030,0,0,0,0,0,1,0,20251206,20251227
IDFM:134978,0,0,0,0,0,1,1,20251129,20251226
IDFM:135103,0,0,0,0,0,1,1,20251129,20251225
IDFM:139760,0,0,0,0,0,1,0,20251129,20251224
IDFM:139783,0,0,0,0,0,1,0,20251129,20251224
IDFM:141092,1,1,1,1,1,1,0,20251128,20251224
IDFM:141570,1,1,1,1,1,1,0,20251128,20251220
IDFM:142375,0,1,1,0,0,0,0,20251223,20251224
IDFM:142402,0,1,1,1,1,0,0,20251128,20251219
IDFM:142681,1,0,0,0,0,0,0,20251222,20251222
IDFM:142992,0,0,0,0,0,1,1,20251129,20251227
IDFM:144708,0,0,0,0,0,1,1,20251129,20251227
IDFM:146658,0,0,0,0,0,0,1,20251130,20251227
IDFM:148863,0,0,0,0,0,1,0,20251129,20251227
IDFM:148980,0,0,0,0,1,1,0,20251128,20251227
IDFM:149639,0,0,0,0,0,1,0,20251213,20251213
IDFM:152503,1,1,0,1,1,1,0,20251128,20251227
IDFM:153210,0,0,1,1,1,1,0,20251128,20251224
IDFM:153211,0,0,1,1,1,1,1,20251128,20251224
IDFM:153312,1,1,1,1,1,0,1,20251128,20251227
IDFM:153313,0,0,0,0,0,0,1,20251130,20251227
IDFM:153350,1,1,1,1,1,1,1,20251128,20251225
IDFM:153352,0,0,0,0,0,1,1,20251129,20251225
IDFM:153663,1,1,0,1,1,0,0,20251128,20251223
IDFM:153833,0,0,1,0,0,0,0,20251203,20251224
IDFM:153890,1,1,1,1,1,1,0,20251128,20251227
IDFM:154245,1,1,1,1,1,1,0,20251128,20251227
IDFM:154401,0,0,0,0,0,1,0,20251206,20251227
IDFM:154403,1,1,1,1,1,1,1,20251201,20251227
IDFM:154404,0,0,0,0,0,1,1,20251206,20251227
IDFM:154405,0,0,0,0,1,0,0,20251205,20251219
IDFM:154406,0,0,0,0,0,0,1,20251129,20251225
IDFM:154418,1,1,1,1,1,0,0,20251201,20251219
IDFM:154419,1,1,1,1,1,0,0,20251201,20251226
IDFM:154424,1,1,1,1,0,0,0,20251201,20251226
IDFM:154429,0,0,0,0,0,0,1,20251207,20251225
IDFM:154440,0,0,0,0,0,1,0,20251128,20251227
IDFM:154443,0,0,0,0,0,1,0,20251129,20251227
IDFM:154478,1,1,1,1,0,1,1,20251201,20251227
IDFM:154484,0,0,0,0,1,0,0,20251205,20251226
IDFM:154486,1,1,1,1,1,0,1,20251201,20251226
IDFM:154506,0,0,0,0,0,1,0,20251130,20251227
IDFM:154552,1,1,1,1,1,1,0,20251201,20251227
IDFM:154575,1,1,1,1,1,0,0,20251129,20251226
IDFM:154618,0,0,0,0,0,0,1,20251128,20251225
IDFM:154619,0,0,0,0,0,0,1,20251129,20251225
IDFM:154650,1,1,1,1,1,0,0,20251130,20251226
IDFM:154686,1,1,1,1,1,0,0,20251129,20251219
IDFM:154725,1,1,1,1,1,0,0,20251129,20251226
IDFM:154755,0,0,0,0,0,1,0,20251128,20251227
IDFM:154971,1,1,1,1,1,1,0,20251201,20251227
IDFM:155015,0,0,0,0,0,1,1,20251128,20251227
IDFM:155035,0,0,0,0,0,1,1,20251129,20251227
IDFM:155094,1,1,1,1,1,1,0,20251129,20251227
IDFM:155178,1,1,1,1,0,0,0,20251129,20251226
IDFM:155303,0,0,0,0,0,1,0,20251129,20251227
IDFM:155337,1,1,1,1,0,0,0,20251130,20251218
IDFM:155519,1,1,1,1,0,0,0,20251129,20251218
IDFM:155546,0,0,0,0,0,0,1,20251129,20251226
IDFM:155643,0,0,0,0,0,0,1,20251128,20251225
IDFM:155781,0,0,0,0,0,1,0,20251206,20251227
IDFM:155914,1,1,1,1,1,1,1,20251129,20251227
IDFM:155965,0,0,0,0,1,0,0,20251129,20251219
IDFM:155972,1,1,1,1,1,1,0,20251129,20251227
IDFM:156058,1,1,1,1,1,1,0,20251129,20251227
IDFM:156183,0,0,0,0,1,0,0,20251128,20251226
IDFM:156263,1,1,1,1,1,1,0,20251130,20251227
IDFM:156442,0,0,0,0,0,1,0,20251128,20251227
IDFM:156708,1,1,1,1,1,0,1,20251201,20251225
IDFM:156761,1,1,1,1,1,0,0,20251128,20251219
IDFM:156858,1,1,1,1,1,0,1,20251129,20251226
IDFM:156880,1,1,1,1,1,1,0,20251130,20251227
IDFM:157112,0,0,0,0,0,0,1,20251207,20251226
IDFM:157247,0,0,0,0,1,0,0,20251128,20251128
IDFM:157279,0,0,0,0,0,0,1,20251130,20251130
IDFM:157291,0,0,0,0,0,1,1,20251129,20251130
IDFM:157295,0,0,0,0,1,1,0,20251128,20251129
IDFM:157401,0,0,0,0,1,0,1,20251128,20251130
IDFM:157482,0,0,0,0,1,1,1,20251128,20251130
IDFM:158947,0,0,0,0,1,1,0,20251128,20251227
IDFM:158948,0,0,0,0,1,1,0,20251205,20251227
IDFM:158955,0,0,0,0,1,1,0,20251129,20251227
IDFM:158968,1,1,1,1,0,0,1,20251130,20251225
IDFM:159384,1,1,1,1,1,1,1,20251128,20251227
IDFM:159577,1,1,1,1,0,0,0,20251201,20251226
IDFM:159584,0,0,0,0,1,0,0,20251128,20251223
IDFM:159830,0,0,0,0,0,1,0,20251129,20251227
IDFM:159989,0,0,0,0,1,0,1,20251128,20251225
IDFM:160097,1,1,1,1,0,0,0,20251201,20251224
IDFM:160127,1,1,1,1,1,0,0,20251128,20251226
IDFM:160158,0,0,0,0,1,0,0,20251128,20251226
IDFM:160162,0,0,0,0,1,1,0,20251128,20251227
IDFM:160422,0,0,0,0,0,1,0,20251129,20251227
IDFM:160423,0,0,0,0,0,0,1,20251130,20251226
IDFM:160529,0,0,0,0,1,0,0,20251128,20251226
IDFM:160576,1,1,1,1,1,1,0,20251128,20251227
IDFM:160696,1,1,1,1,0,1,0,20251129,20251227
IDFM:161251,0,0,0,0,1,1,0,20251128,20251227
IDFM:161576,0,0,0,0,0,0,1,20251130,20251225
IDFM:161842,1,1,1,1,0,1,0,20251129,20251227
IDFM:162370,1,1,1,1,0,1,1,20251129,20251227
IDFM:162543,1,1,1,1,0,0,0,20251201,20251226
IDFM:162629,0,0,0,0,0,0,1,20251130,20251226
IDFM:162898,1,1,1,1,1,0,0,20251128,20251226
IDFM:162920,0,0,0,0,1,1,0,20251128,20251227
IDFM:163172,0,0,0,0,0,1,1,20251129,20251227
IDFM:163518,0,0,0,0,1,0,1,20251128,20251226
IDFM:163951,1,1,1,1,1,1,0,20251128,20251227
IDFM:163992,0,0,0,0,1,0,0,20251128,20251226
IDFM:164503,1,1,1,1,0,1,0,20251129,20251227
IDFM:165304,0,0,0,0,0,0,1,20251130,20251226
IDFM:165458,1,1,1,1,1,0,1,20251128,20251221
IDFM:165974,1,1,1,1,0,0,1,20251130,20251223
IDFM:165999,0,0,0,0,0,0,1,20251130,20251223
IDFM:167022,1,1,1,1,1,0,1,20251128,20251226
IDFM:167189,1,1,1,1,1,0,1,20251128,20251223
IDFM:167647,1,1,1,1,0,0,1,20251130,20251221
IDFM:169446,1,1,1,1,0,0,1,20251130,20251225
IDFM:171746,1,1,1,1,0,1,0,20251129,20251227
IDFM:173806,1,1,1,1,1,0,1,20251128,20251226
IDFM:175850,0,0,0,0,1,1,1,20251128,20251227
IDFM:178826,0,0,0,0,1,1,0,20251128,20251227
IDFM:180602,1,1,1,1,0,0,1,20251130,20251226
IDFM:183633,1,1,1,1,0,1,1,20251129,20251227
IDFM:189097,0,0,0,0,1,0,0,20251128,20251226
IDFM:189100,1,1,1,1,0,0,0,20251201,20251225
IDFM:189114,0,0,0,0,0,1,0,20251129,20251227
IDFM:189156,1,1,1,1,1,1,0,20251128,20251227
IDFM:189189,1,1,1,1,0,0,0,20251201,20251226
IDFM:189234,1,1,1,1,1,0,0,20251128,20251225
IDFM:189259,1,1,1,1,0,0,0,20251201,20251225
IDFM:189312,1,1,1,1,1,0,0,20251128,20251226
IDFM:189330,1,1,1,1,0,1,0,20251129,20251227
IDFM:189409,1,1,1,1,1,0,0,20251128,20251225
IDFM:189494,0,0,0,0,1,0,0,20251128,20251226
IDFM:189695,1,1,0,1,0,0,0,20251222,20251225
IDFM:189788,0,0,0,1,1,0,0,20251225,20251226
IDFM:191873,0,0,0,0,0,0,1,20251130,20251226
IDFM:191892,0,0,0,0,0,0,1,20251130,20251224
IDFM:191917,1,1,1,1,1,0,1,20251128,20251226
IDFM:191981,0,0,0,0,0,1,1,20251129,20251227
IDFM:192070,0,0,0,0,0,1,1,20251129,20251227
IDFM:192087,1,1,1,1,1,1,1,20251128,20251227
IDFM:192103,0,0,0,0,0,0,1,20251130,20251226
IDFM:192129,1,1,1,1,1,0,1,20251128,20251226
IDFM:192146,0,0,0,0,0,1,1,20251129,20251227
IDFM:192319,1,1,1,1,1,0,0,20251128,20251224
IDFM:196510,1,0,1,0,1,0,0,20251128,20251219
IDFM:196532,1,0,1,0,0,0,0,20251201,20251217
IDFM:196659,1,1,1,1,1,0,0,20251128,20251226
IDFM:196898,1,1,1,1,1,0,0,20251128,20251226
IDFM:196966,0,1,0,1,1,0,0,20251128,20251224
IDFM:196975,1,0,1,0,0,0,0,20251201,20251226
IDFM:197238,1,0,1,0,0,0,0,20251201,20251224
IDFM:197320,0,1,0,1,0,0,0,20251202,20251226
IDFM:198399,1,0,1,0,1,0,0,20251128,20251224
IDFM:198535,0,0,0,0,0,0,1,20251207,20251207
IDFM:198557,0,0,0,0,0,1,0,20251129,20251227
IDFM:198836,0,0,0,0,1,1,0,20251128,20251227
IDFM:198847,0,0,0,0,1,0,0,20251128,20251219
IDFM:198852,0,0,0,0,0,1,0,20251129,20251227
IDFM:199214,0,0,0,0,1,0,0,20251128,20251226
IDFM:199303,0,0,0,0,1,1,0,20251128,20251227
IDFM:199549,0,0,0,0,0,1,1,20251129,20251227
IDFM:199554,0,0,0,0,0,0,1,20251130,20251225
IDFM:199557,0,0,0,0,0,1,1,20251129,20251227
IDFM:199602,0,0,0,0,0,1,1,20251129,20251227
IDFM:199667,0,0,0,0,1,1,1,20251128,20251227
IDFM:199759,0,0,0,0,0,0,1,20251130,20251225
IDFM:199788,0,0,0,0,1,0,1,20251128,20251225
IDFM:199806,0,0,0,0,1,0,1,20251128,20251226
IDFM:199914,0,0,0,0,1,0,1,20251128,20251226
IDFM:200057,0,0,0,0,1,0,1,20251128,20251225
IDFM:201982,1,1,1,1,1,0,1,20251128,20251225
IDFM:203065,1,1,1,1,0,1,1,20251129,20251227
IDFM:204771,1,1,1,1,1,1,1,20251128,20251226
IDFM:204774,1,0,0,0,0,0,0,20251201,20251222
IDFM:204776,0,1,0,0,0,0,0,20251202,20251223
IDFM:204781,1,1,1,0,0,1,1,20251129,20251225
IDFM:204792,1,0,0,0,0,1,1,20251129,20251225
IDFM:204793,0,0,1,1,1,0,0,20251128,20251226
IDFM:204802,0,0,0,0,1,1,1,20251128,20251226
IDFM:204804,1,0,1,0,0,1,1,20251129,20251225
IDFM:204806,1,1,1,0,1,1,1,20251128,20251226
IDFM:204814,0,0,0,1,1,0,0,20251128,20251226
IDFM:204818,0,0,1,1,0,0,0,20251203,20251224
IDFM:204829,1,1,1,1,0,1,1,20251129,20251225
IDFM:204830,0,0,0,1,0,0,0,20251204,20251218
IDFM:204847,0,1,1,1,1,0,0,20251128,20251226
IDFM:204857,1,0,1,1,1,1,1,20251128,20251226
IDFM:204917,1,1,1,0,0,0,0,20251201,20251224
IDFM:206693,1,1,1,1,0,1,0,20251129,20251227
IDFM:206783,0,0,0,0,1,1,1,20251128,20251227
IDFM:207017,0,0,0,0,1,0,1,20251128,20251225
IDFM:207214,1,1,1,1,0,1,1,20251129,20251227
IDFM:207321,1,1,1,1,0,0,1,20251130,20251225
IDFM:210085,0,1,1,0,0,0,0,20251209,20251210
IDFM:210093,0,0,0,0,1,1,0,20251128,20251227
IDFM:210134,1,1,1,1,0,0,1,20251130,20251225
IDFM:210140,1,1,1,1,1,1,1,20251128,20251227
IDFM:210224,0,0,0,0,1,1,0,20251205,20251227
IDFM:213740,1,0,1,1,0,0,0,20251201,20251218
IDFM:213741,0,1,0,0,1,0,0,20251128,20251219
IDFM:213745,1,0,1,1,0,1,0,20251129,20251227
IDFM:213746,1,0,1,1,0,0,0,20251201,20251222
IDFM:213754,0,1,0,0,1,1,0,20251128,20251227
IDFM:213781,0,0,0,0,0,1,0,20251129,20251227
IDFM:213788,0,1,0,0,1,0,0,20251128,20251224
IDFM:213795,0,0,0,0,0,1,0,20251129,20251227
IDFM:213801,0,1,0,0,1,0,0,20251128,20251224
IDFM:213828,0,0,0,0,0,0,1,20251130,20251225
IDFM:213835,0,1,0,0,1,0,0,20251128,20251222
IDFM:213859,0,1,0,0,1,1,1,20251128,20251227
IDFM:213875,1,0,1,1,0,1,0,20251129,20251227
IDFM:213991,1,0,1,1,0,0,1,20251130,20251225
IDFM:213998,0,0,0,0,0,1,1,20251129,20251227
IDFM:214038,0,1,0,0,1,0,1,20251128,20251225
IDFM:214046,1,0,1,1,0,0,0,20251201,20251224
IDFM:214062,1,0,1,1,0,0,0,20251201,20251224
IDFM:214074,0,1,0,0,1,1,0,20251128,20251227
IDFM:214203,0,0,0,0,0,1,1,20251129,20251227
IDFM:214292,0,1,0,0,1,1,0,20251128,20251227
IDFM:214315,1,1,1,1,1,0,0,20251128,20251222
IDFM:214373,1,0,1,1,0,0,1,20251130,20251225
IDFM:214444,0,1,0,0,1,0,1,20251128,20251225
IDFM:214605,0,0,0,0,0,0,1,20251130,20251225
IDFM:214711,1,1,1,1,1,0,0,20251128,20251224
IDFM:214749,1,1,1,1,1,1,0,20251128,20251227
IDFM:215126,1,0,1,1,0,1,0,20251129,20251227
IDFM:215405,0,1,0,0,1,0,1,20251128,20251225
IDFM:216376,1,1,1,1,1,0,0,20251128,20251227
IDFM:216428,1,1,1,1,1,1,1,20251128,20251225
IDFM:217887,1,1,1,1,1,0,0,20251128,20251225
IDFM:217889,0,0,0,0,0,0,1,20251130,20251224
IDFM:217922,0,0,0,0,0,0,1,20251130,20251227
IDFM:217925,1,1,1,1,1,0,1,20251128,20251219
IDFM:217932,1,1,1,1,1,0,1,20251128,20251227
IDFM:218078,0,0,0,0,0,1,0,20251129,20251227
IDFM:218118,0,0,0,0,0,1,0,20251129,20251227
IDFM:218125,1,1,1,1,1,1,0,20251128,20251225
IDFM:218385,1,1,1,1,1,0,1,20251128,20251227
IDFM:218443,1,1,1,1,1,0,1,20251128,20251224
IDFM:218967,1,1,1,1,1,0,0,20251128,20251225
IDFM:219129,1,1,1,1,1,0,0,20251128,20251227
IDFM:220508,0,0,0,0,0,0,1,20251130,20251225
IDFM:220833,0,0,0,0,0,0,1,20251221,20251221
IDFM:220895,0,0,0,0,0,1,0,20251129,20251227
IDFM:220940,0,0,0,0,0,1,0,20251129,20251227
IDFM:220941,1,1,1,1,1,1,0,20251128,20251227
IDFM:221858,1,1,1,1,0,0,0,20251201,20251225
IDFM:224362,0,0,0,0,0,1,1,20251206,20251227
IDFM:227300,0,1,1,1,1,0,0,20251128,20251226
IDFM:227304,1,1,1,1,0,0,0,20251201,20251225
IDFM:230871,1,1,1,0,1,1,0,20251215,20251227
IDFM:230908,0,0,0,0,0,1,0,20251220,20251227
IDFM:230991,1,1,1,1,1,1,0,20251215,20251227
IDFM:230997,1,1,1,1,0,0,0,20251215,20251225
IDFM:232052,0,1,0,0,0,0,0,20251202,20251216
IDFM:236066,0,1,1,1,1,1,0,20251128,20251227
IDFM:237225,1,0,0,0,0,0,0,20251201,20251226
IDFM:237787,0,1,1,1,1,1,0,20251128,20251213
IDFM:243427,1,1,0,1,1,0,0,20251128,20251226
IDFM:245707,1,0,0,0,1,0,0,20251222,20251226
IDFM:252231,1,0,1,1,1,0,0,20251128,20251219
IDFM:252243,1,0,1,0,1,0,0,20251222,20251226
IDFM:252251,0,1,0,0,0,0,0,20251223,20251223
IDFM:254893,0,1,1,1,0,0,0,20251223,20251225
IDFM:256894,0,0,0,1,0,1,0,20251225,20251227
IDFM:261435,1,1,1,1,1,0,0,20251222,20251226
IDFM:261533,0,0,0,1,0,0,0,20251204,20251225
IDFM:265200,0,0,1,0,0,0,0,20251203,20251226
IDFM:267237,1,0,0,1,0,0,0,20251201,20251218
IDFM:270787,1,1,1,1,1,1,1,20251128,20251221
IDFM:276191,1,1,1,0,1,0,0,20251128,20251226
IDFM:276217,1,0,1,1,1,0,0,20251128,20251226
IDFM:279540,1,1,0,1,1,0,0,20251128,20251226
IDFM:289167,0,0,1,0,0,1,0,20251129,20251227
IDFM:294831,1,1,1,1,0,1,1,20251129,20251227
IDFM:295016,0,0,0,0,1,1,0,20251128,20251226
IDFM:295058,0,0,0,0,1,1,1,20251128,20251226
IDFM:295091,1,1,1,1,1,1,1,20251128,20251226
IDFM:295126,1,1,1,1,0,0,1,20251130,20251224
IDFM:295214,1,1,1,1,1,1,0,20251128,20251226
IDFM:295394,0,0,0,0,0,1,1,20251206,20251221
IDFM:295662,0,0,0,0,0,1,0,20251129,20251227
IDFM:295671,1,1,1,1,1,1,0,20251128,20251226
IDFM:295679,1,1,1,1,1,0,1,20251128,20251226
IDFM:295685,1,1,1,1,1,1,1,20251128,20251226
IDFM:295759,0,0,0,0,0,1,0,20251129,20251227
IDFM:295770,0,0,0,0,0,0,1,20251129,20251227
IDFM:302149,0,1,0,1,0,0,0,20251202,20251223
IDFM:305556,1,1,1,0,1,0,0,20251215,20251226
IDFM:306544,0,1,1,1,0,1,0,20251216,20251227
IDFM:307442,0,0,0,0,0,1,0,20251213,20251227
IDFM:319940,1,1,0,0,1,0,0,20251128,20251219
IDFM:341752,1,1,0,1,1,1,0,20251128,20251220
IDFM:343033,0,0,0,0,0,0,1,20251130,20251227
IDFM:345344,1,1,0,1,1,0,0,20251201,20251219
IDFM:346595,1,1,1,1,1,1,0,20251201,20251226
IDFM:354220,0,0,0,1,0,0,1,20251130,20251225
IDFM:354234,1,1,1,0,1,1,0,20251128,20251227
IDFM:356412,0,1,1,1,1,1,1,20251128,20251227
IDFM:356414,0,1,1,1,1,1,0,20251128,20251227
IDFM:363020,1,0,0,1,0,0,0,20251201,20251222
IDFM:363042,0,1,1,0,0,0,0,20251202,20251224
IDFM:370415,0,0,0,1,1,0,0,20251128,20251219
IDFM:370504,1,1,1,0,0,0,0,20251201,20251217
IDFM:375490,0,1,1,1,1,1,0,20251128,20251225
IDFM:379284,0,0,0,0,0,1,0,20251129,20251225
IDFM:391402,0,1,1,0,1,0,0,20251128,20251219
IDFM:396687,1,0,0,0,0,0,0,20251208,20251222
IDFM:399645,1,0,1,0,0,0,0,20251222,20251224
IDFM:411218,0,0,0,0,0,1,0,20251129,20251227
IDFM:411926,0,1,0,1,1,0,0,20251128,20251226
IDFM:413638,0,1,0,0,1,0,0,20251128,20251226
IDFM:413756,0,0,1,1,0,0,1,20251130,20251225
IDFM:413768,1,0,0,1,1,0,0,20251128,20251226
IDFM:413788,0,0,1,1,0,1,1,20251129,20251227
IDFM:413793,0,0,1,1,0,1,0,20251129,20251227
IDFM:413865,0,1,0,0,1,1,0,20251128,20251227
IDFM:413866,0,1,0,0,1,1,1,20251128,20251227
IDFM:413891,0,1,0,0,1,0,1,20251128,20251226
IDFM:413931,0,1,1,1,1,1,0,20251128,20251227
IDFM:413995,1,0,0,0,0,0,1,20251214,20251222
IDFM:413996,1,1,0,1,1,0,1,20251214,20251226
IDFM:413997,1,1,1,0,0,0,1,20251214,20251224
IDFM:413998,1,0,1,0,1,0,1,20251214,20251226
IDFM:413999,1,1,1,1,1,0,1,20251214,20251226
IDFM:414002,1,0,1,1,1,0,1,20251214,20251226
IDFM:414003,1,1,0,0,1,0,1,20251214,20251226
IDFM:414004,1,0,0,0,1,0,1,20251214,20251226
IDFM:414005,1,0,1,0,1,0,0,20251215,20251226
IDFM:414006,1,1,1,1,1,0,0,20251215,20251226
IDFM:414007,1,0,1,1,1,0,0,20251215,20251226
IDFM:414008,0,1,0,0,0,0,0,20251216,20251223
IDFM:414009,0,0,0,1,0,0,0,20251218,20251225
IDFM:414016,1,0,0,0,0,0,0,20251215,20251222
IDFM:414019,1,1,1,1,1,1,1,20251214,20251227
IDFM:414020,1,1,0,1,1,1,1,20251214,20251227
IDFM:414025,1,0,1,1,1,1,1,20251214,20251227
IDFM:414026,0,0,0,1,1,1,1,20251214,20251227
IDFM:414029,0,1,0,0,1,1,1,20251214,20251227
IDFM:414030,1,0,0,0,1,1,1,20251214,20251227
IDFM:414031,1,0,1,0,0,1,1,20251214,20251227
IDFM:414032,1,0,1,0,1,1,1,20251214,20251227
IDFM:414035,1,1,0,1,0,1,0,20251215,20251227
IDFM:414036,1,1,0,1,1,1,0,20251215,20251227
IDFM:414037,1,0,0,0,0,1,0,20251215,20251227
IDFM:414038,0,0,0,1,1,1,0,20251218,20251227
IDFM:414039,0,0,0,0,0,1,0,20251220,20251227
IDFM:414050,1,1,1,0,0,1,1,20251214,20251227
IDFM:414052,1,1,0,1,0,1,1,20251214,20251227
IDFM:414053,0,0,0,0,1,1,1,20251214,20251227
IDFM:414059,0,0,1,1,1,1,1,20251214,20251227
IDFM:414067,1,0,0,1,1,1,1,20251214,20251227
IDFM:414069,1,0,0,1,1,1,0,20251215,20251227
IDFM:414071,1,0,1,0,1,1,1,20251128,20251213
IDFM:414072,1,1,1,1,1,1,1,20251128,20251213
IDFM:414073,1,0,0,0,0,0,0,20251201,20251208
IDFM:414078,1,1,0,1,1,1,1,20251128,20251213
IDFM:414079,1,0,1,0,1,0,1,20251128,20251212
IDFM:414081,1,1,0,1,0,1,0,20251129,20251213
IDFM:414082,1,1,1,0,0,1,1,20251129,20251213
IDFM:414083,1,1,1,1,1,0,1,20251128,20251212
IDFM:414084,1,1,0,1,1,0,1,20251128,20251212
IDFM:414085,1,0,1,1,1,1,1,20251128,20251213
IDFM:414087,1,0,0,0,1,1,1,20251128,20251213
IDFM:414089,0,0,0,0,1,1,1,20251128,20251213
IDFM:414090,0,0,1,1,1,1,1,20251128,20251213
IDFM:414091,1,0,0,1,1,1,1,20251128,20251213
IDFM:414095,1,1,0,1,0,1,1,20251129,20251213
IDFM:414096,1,0,0,1,1,1,0,20251128,20251213
IDFM:414100,1,1,0,1,1,1,0,20251128,20251213
IDFM:414107,1,0,1,0,1,0,0,20251128,20251212
IDFM:414114,1,1,1,0,0,0,1,20251130,20251210
IDFM:414121,0,0,0,1,1,1,1,20251128,20251213
IDFM:414122,0,0,0,1,1,1,0,20251128,20251213
IDFM:414127,1,0,1,1,1,0,1,20251128,20251212
IDFM:414132,1,0,1,1,1,0,0,20251128,20251212
IDFM:414134,1,1,0,0,1,0,1,20251128,20251212
IDFM:414135,1,0,0,0,1,0,1,20251128,20251212
IDFM:414136,0,0,0,1,0,0,0,20251204,20251211
IDFM:414137,0,1,0,0,1,1,1,20251128,20251213
IDFM:414139,1,0,1,0,0,1,1,20251129,20251213
IDFM:414140,1,0,0,0,0,1,0,20251129,20251213
IDFM:414145,1,0,0,0,0,0,1,20251130,20251208
IDFM:414146,0,1,0,0,0,0,0,20251202,20251209
IDFM:414147,1,1,1,1,1,1,0,20251128,20251213
IDFM:414149,1,0,0,0,1,1,0,20251128,20251213
IDFM:414155,1,0,1,1,1,1,0,20251128,20251213
IDFM:414172,1,0,0,1,1,1,1,20251128,20251227
IDFM:414179,1,1,0,1,1,1,1,20251128,20251227
IDFM:414183,1,0,0,0,1,1,1,20251128,20251227
IDFM:414185,0,0,0,1,0,1,1,20251129,20251227
IDFM:414188,0,0,0,1,0,1,0,20251129,20251227
IDFM:414189,1,0,0,0,0,1,1,20251129,20251227
IDFM:414191,1,0,0,0,1,0,1,20251128,20251226
IDFM:414196,1,0,0,0,1,0,0,20251128,20251226
IDFM:414229,1,1,1,1,1,0,0,20251201,20251212
IDFM:414652,0,0,0,0,0,1,0,20251206,20251206
IDFM:414934,0,0,0,0,0,1,0,20251206,20251213
IDFM:415013,1,1,1,1,1,0,0,20251128,20251213
IDFM:415439,0,0,0,0,0,1,0,20251220,20251220
IDFM:415592,0,0,0,0,0,1,0,20251206,20251213
IDFM:416123,1,1,1,1,1,0,0,20251201,20251213
IDFM:416455,0,0,0,0,0,1,1,20251130,20251213
IDFM:416482,1,1,1,1,1,1,1,20251130,20251213
IDFM:416488,1,1,1,1,1,1,0,20251201,20251213
IDFM:416649,1,1,1,1,1,1,0,20251128,20251213
IDFM:417023,0,0,0,0,0,0,1,20251130,20251207
IDFM:417025,0,0,0,0,0,0,1,20251214,20251214
IDFM:417639,1,0,0,0,0,0,0,20251201,20251201
IDFM:419788,1,1,1,1,1,1,0,20251201,20251213
IDFM:420017,1,1,1,1,1,0,0,20251201,20251212
IDFM:420682,1,1,1,1,1,0,0,20251128,20251212
IDFM:422735,0,1,1,1,0,0,0,20251216,20251225
IDFM:422831,0,1,1,1,1,1,0,20251202,20251213
IDFM:426044,0,1,1,1,1,0,0,20251202,20251212
IDFM:428587,0,0,0,0,1,0,0,20251219,20251219
IDFM:431496,0,0,0,0,0,0,1,20251130,20251225
IDFM:437132,1,1,1,1,1,0,0,20251201,20251213
IDFM:437138,0,1,1,1,1,1,0,20251202,20251214
IDFM:438418,0,1,1,0,0,0,0,20251216,20251224
IDFM:438427,0,0,1,1,0,0,0,20251217,20251225
IDFM:439291,0,1,1,1,1,0,0,20251128,20251212
IDFM:TN:33919186,0,0,0,0,0,1,0,20251206,20251227
IDFM:TN:33919187,0,0,0,0,0,1,1,20251206,20251228
IDFM:TN:33919191,0,0,0,0,0,1,1,20251206,20251221
IDFM:TN:33919200,0,0,0,0,0,1,1,20251206,20251228
IDFM:TN:33919217,0,0,0,0,0,1,0,20251206,20251220
IDFM:TN:33919221,0,0,0,0,0,0,1,20251207,20251207
IDFM:TN:33919222,0,0,0,0,0,0,1,20251214,20251228
IDFM:TN:33919234,1,0,0,0,0,0,0,20251201,20251201
IDFM:TN:33919244,1,1,1,1,1,0,0,20251202,20251224
IDFM:TN:33919245,1,1,1,1,1,0,0,20251202,20251229
IDFM:TN:33919247,0,1,1,1,1,0,0,20251202,20251212
IDFM:TN:33919254,1,1,1,0,1,0,0,20251215,20251229
IDFM:TN:33919255,1,1,1,0,0,0,0,20251215,20251224
IDFM:TN:33919363,0,0,0,0,0,1,0,20251206,20251206
IDFM:TN:33919364,0,0,0,0,0,1,1,20251206,20251207
IDFM:TN:33919409,0,0,0,0,0,0,1,20251207,20251228
IDFM:TN:33919413,0,0,0,0,0,1,1,20251207,20251228
IDFM:TN:33919414,0,0,0,0,0,0,1,20251207,20251228
IDFM:TN:33919415,0,0,0,0,0,1,1,20251207,20251227
IDFM:TN:33919418,0,0,0,0,0,1,0,20251213,20251227
IDFM:TN:33919419,0,0,0,0,0,1,1,20251213,20251221
IDFM:TN:33919421,0,0,0,0,0,1,1,20251213,20251228
IDFM:TN:33919429,0,0,0,0,0,1,0,20251213,20251220
IDFM:TN:33919432,0,0,0,0,0,0,1,20251214,20251221
IDFM:TN:33919449,0,0,0,0,0,1,1,20251213,20251227
IDFM:TN:33919484,0,0,0,0,0,1,0,20251206,20251213
IDFM:TN:33919485,0,0,0,0,0,1,0,20251206,20251213
IDFM:TN:33919520,0,0,0,0,0,1,1,20251214,20251228
IDFM:TN:33919521,0,0,0,0,0,0,1,20251214,20251228
IDFM:TN:33919527,0,0,0,0,0,1,1,20251214,20251227
IDFM:TN:33919547,0,0,0,0,0,1,0,20251220,20251227
IDFM:TN:33919553,0,0,0,0,0,1,0,20251220,20251220
IDFM:TN:33919606,0,0,0,0,1,0,0,20251202,20251229
IDFM:TN:33919633,0,1,0,0,0,0,0,20251202,20251209
IDFM:TN:33919645,1,0,1,1,1,0,0,20251203,20251229
IDFM:TN:33919647,0,1,0,0,0,0,0,20251216,20251223
IDFM:TN:33919701,1,1,1,0,1,0,0,20251202,20251229
IDFM:TN:33919702,1,1,1,1,1,0,0,20251215,20251219
IDFM:TN:33919759,0,0,0,0,0,1,1,20251207,20251221
IDFM:TN:33919761,0,0,0,0,0,1,1,20251213,20251228
IDFM:TN:33919773,0,0,0,0,0,0,1,20251214,20251228
IDFM:TN:33919925,0,0,0,0,0,1,1,20251206,20251227
IDFM:TN:33920086,1,0,1,1,1,0,0,20251203,20251229
IDFM:TN:33920092,1,0,1,0,0,0,0,20251215,20251224
IDFM:TN:33920093,0,1,0,0,0,0,0,20251216,20251216
IDFM:TN:33920175,0,0,0,0,0,0,1,20251207,20251221
IDFM:TN:33920524,1,1,1,1,1,0,1,20251202,20251228
IDFM:TN:33920525,1,1,1,1,1,0,0,20251202,20251229
IDFM:TN:33920526,1,1,1,1,1,0,1,20251202,20251229
IDFM:TN:33920527,1,1,1,1,1,1,0,20251202,20251227
IDFM:TN:33920532,1,1,1,1,1,1,1,20251202,20251229
IDFM:TN:33920533,0,1,1,1,1,1,0,20251202,20251220
IDFM:TN:33920535,1,1,1,1,1,1,0,20251202,20251229
IDFM:TN:33920542,1,1,1,1,1,1,1,20251202,20251228
IDFM:TN:33920567,1,1,1,1,1,1,1,20251202,20251229
IDFM:TN:33920568,1,1,1,1,1,1,1,20251202,20251228
IDFM:TN:33920584,0,0,0,0,0,1,1,20251207,20251228
IDFM:TN:33920585,1,0,0,0,0,1,1,20251207,20251229
IDFM:TN:33920592,1,1,1,1,0,1,1,20251213,20251228
IDFM:TN:33920593,0,0,0,0,0,1,0,20251213,20251213
IDFM:TN:33920605,1,0,0,0,0,0,1,20251214,20251229
IDFM:TN:33920606,1,1,1,1,0,0,1,20251214,20251225
IDFM:TN:33920608,1,1,1,0,1,1,0,20251215,20251229
IDFM:TN:33920609,1,1,1,0,0,0,0,20251215,20251227
IDFM:TN:33920856,1,0,0,0,0,0,1,20251207,20251229
IDFM:TN:33920857,0,0,0,0,0,0,1,20251214,20251221
IDFM:TN:33920884,0,0,0,0,0,1,1,20251206,20251228
IDFM:TN:33920954,1,1,1,1,1,1,1,20251202,20251229
IDFM:TN:33920980,0,1,1,1,1,0,0,20251202,20251213
IDFM:TN:33920991,0,1,1,1,1,0,0,20251202,20251213
IDFM:TN:33920999,1,1,1,1,1,0,0,20251202,20251229
IDFM:TN:33921018,0,0,0,0,0,0,1,20251207,20251227
IDFM:TN:33921026,1,0,0,0,0,1,0,20251213,20251229
IDFM:TN:33921039,1,1,1,1,0,1,1,20251214,20251228
IDFM:TN:33921048,0,1,1,1,1,0,0,20251216,20251219
IDFM:TN:33921182,1,0,0,0,0,0,1,20251214,20251229
IDFM:TN:33921606,0,1,1,1,1,1,0,20251202,20251213
IDFM:TN:33921607,0,1,1,0,0,0,0,20251202,20251210
IDFM:TN:33921610,0,1,1,1,1,1,0,20251202,20251213
IDFM:TN:33921612,0,0,1,1,1,0,0,20251203,20251212
IDFM:TN:33921613,0,0,0,1,1,0,0,20251204,20251212
IDFM:TN:33921632,0,1,0,0,0,1,1,20251214,20251228
IDFM:TN:33921643,1,0,1,0,1,0,0,20251215,20251229
IDFM:TN:33921645,1,1,1,0,0,0,0,20251215,20251229
IDFM:TN:33921701,0,0,0,1,1,0,0,20251204,20251212
IDFM:TN:33921702,0,0,0,1,1,0,0,20251204,20251212
IDFM:TN:33921722,1,0,0,0,0,0,1,20251214,20251229
IDFM:TN:33921731,0,0,1,0,0,0,0,20251217,20251224
IDFM:TN:33921736,0,0,0,0,1,0,0,20251226,20251226
IDFM:TN:33921774,0,0,0,0,0,0,1,20251214,20251214
IDFM:TN:33921834,0,0,0,0,0,1,0,20251206,20251213
IDFM:TN:33921877,1,0,0,0,0,0,0,20251222,20251229
IDFM:TN:33921927,0,0,0,1,1,1,0,20251204,20251213
IDFM:TN:33921944,0,0,0,0,0,1,1,20251206,20251214
IDFM:TN:33921954,1,0,0,0,0,0,0,20251214,20251229
IDFM:TN:33921972,1,1,1,1,1,0,0,20251202,20251229
IDFM:TN:33922022,1,1,1,1,1,0,0,20251202,20251219
IDFM:TN:33922110,0,1,1,1,1,0,0,20251202,20251205
IDFM:TN:33922122,1,1,1,1,1,0,0,20251208,20251212
IDFM:TN:33922127,0,1,1,0,0,0,0,20251202,20251203
IDFM:TN:33922162,1,0,0,0,0,1,1,20251206,20251229
IDFM:TN:33922163,0,0,0,0,0,1,1,20251206,20251228
IDFM:TN:33922379,0,1,1,1,1,0,0,20251202,20251212
IDFM:TN:33922384,0,1,0,0,0,0,0,20251202,20251209
IDFM:TN:33922452,0,1,1,0,1,0,0,20251202,20251212
IDFM:TN:33922457,0,1,1,0,1,0,0,20251202,20251205
IDFM:TN:33922458,0,0,0,1,0,0,0,20251204,20251204
IDFM:TN:33922460,1,1,1,0,1,0,0,20251208,20251212
IDFM:TN:33922461,0,0,0,1,0,0,0,20251211,20251211
IDFM:TN:33922529,0,1,0,0,0,0,0,20251202,20251213
IDFM:TN:33922650,1,0,0,0,0,0,0,20251215,20251229
IDFM:TN:33922662,0,0,0,1,0,1,1,20251214,20251228
IDFM:TN:33922665,1,0,0,0,0,0,0,20251214,20251229
IDFM:TN:33922672,0,0,0,0,0,1,1,20251214,20251228
IDFM:TN:33922673,0,1,0,0,0,0,0,20251214,20251223
IDFM:TN:33922724,1,0,1,1,1,0,0,20251215,20251219
IDFM:TN:33922789,1,0,0,0,0,0,0,20251208,20251208
IDFM:TN:33923015,0,0,0,1,1,0,0,20251204,20251213
IDFM:TN:33923088,0,1,1,1,0,1,0,20251202,20251213
IDFM:TN:33923098,0,0,0,0,1,0,0,20251205,20251205
IDFM:TN:33923101,0,1,1,1,1,1,0,20251209,20251213
IDFM:TN:33923116,1,0,0,0,0,0,1,20251215,20251229
IDFM:TN:33923131,0,0,0,0,0,1,1,20251220,20251228
IDFM:TN:33923142,1,0,0,0,0,0,1,20251214,20251229
IDFM:TN:33923200,1,1,1,1,1,1,1,20251215,20251229
IDFM:TN:33923370,0,1,0,0,0,1,0,20251202,20251213
IDFM:TN:33923376,0,0,1,1,1,1,0,20251203,20251213
IDFM:TN:33923377,0,0,1,1,1,1,0,20251203,20251213
IDFM:TN:33923379,0,0,0,0,0,1,1,20251206,20251228
IDFM:TN:33923405,1,0,0,0,0,0,1,20251214,20251229
IDFM:TN:33923407,1,0,0,0,0,0,1,20251214,20251229
IDFM:TN:33923677,0,1,0,0,0,0,0,20251202,20251202
IDFM:TN:33923809,1,1,1,0,0,0,0,20251215,20251229
IDFM:TN:33923817,1,0,0,0,0,0,0,20251222,20251222
IDFM:TN:33923870,0,1,1,1,0,0,0,20251202,20251211
IDFM:TN:33923875,0,1,1,1,1,0,0,20251202,20251226
IDFM:TN:33923888,0,0,0,0,0,1,0,20251206,20251213
IDFM:TN:33923895,0,0,0,0,1,0,0,20251212,20251212
IDFM:TN:33923945,1,1,1,1,1,1,0,20251202,20251219
IDFM:TN:33923946,0,1,1,1,0,0,0,20251202,20251211
IDFM:TN:33923947,1,0,0,0,1,1,1,20251205,20251229
IDFM:TN:33924074,1,0,0,0,0,0,0,20251222,20251229
IDFM:TN:33924235,0,1,1,1,1,0,0,20251202,20251212
IDFM:TN:33924269,0,1,1,1,1,1,1,20251202,20251214
IDFM:TN:33924279,0,0,0,0,0,1,0,20251202,20251213
IDFM:TN:33924281,0,1,1,1,0,0,0,20251202,20251204
IDFM:TN:33924286,0,0,0,1,0,1,1,20251202,20251228
IDFM:TN:33924289,0,1,1,1,1,1,0,20251202,20251228
IDFM:TN:33924296,1,1,1,0,1,0,0,20251202,20251229
IDFM:TN:33924301,0,0,1,1,1,0,0,20251203,20251212
IDFM:TN:33924314,1,0,0,0,0,0,1,20251214,20251229
IDFM:TN:33924369,1,0,0,0,0,0,0,20251214,20251229
IDFM:TN:33924371,0,0,0,0,0,0,1,20251214,20251229
IDFM:TN:33924386,1,0,0,0,0,0,1,20251215,20251229
IDFM:TN:33924408,0,0,0,0,0,1,0,20251227,20251227
IDFM:TN:33924468,0,0,0,0,0,1,1,20251206,20251229
IDFM:TN:33924471,0,0,0,0,0,1,1,20251213,20251229
IDFM:TN:33924473,1,0,0,0,0,0,1,20251214,20251229
IDFM:TN:33924529,1,1,1,1,1,1,1,20251202,20251229
IDFM:TN:33924552,1,1,1,1,1,1,1,20251202,20251229
IDFM:TN:33924694,1,1,1,0,1,1,1,20251202,20251229
IDFM:TN:33924696,1,1,1,1,1,1,1,20251202,20251229
IDFM:TN:33924697,1,1,1,1,1,1,1,20251202,20251229
IDFM:TN:33924703,1,1,1,1,1,1,1,20251202,20251229
IDFM:TN:33924704,1,1,1,1,1,1,1,20251202,20251221
IDFM:TN:33924713,1,1,1,1,1,1,1,20251202,20251229
IDFM:TN:33924739,0,1,1,1,1,1,1,20251202,20251207
IDFM:TN:33924756,0,0,0,0,0,1,0,20251206,20251229
IDFM:TN:33924758,0,0,0,0,0,1,1,20251206,20251229
IDFM:TN:33924759,0,0,0,0,0,1,1,20251206,20251228
IDFM:TN:33924765,1,1,1,1,1,1,0,20251208,20251213
IDFM:TN:33924777,0,1,1,1,1,0,0,20251209,20251212
IDFM:TN:33924821,0,1,1,1,1,1,0,20251202,20251220
IDFM:TN:33924822,0,1,1,1,1,0,0,20251202,20251212
IDFM:TN:33924830,1,0,0,0,0,0,0,20251214,20251229
IDFM:TN:33924873,1,1,0,0,0,0,0,20251208,20251209
IDFM:TN:33924878,0,0,1,0,1,0,0,20251210,20251212
IDFM:TN:33924892,0,0,0,0,0,1,0,20251213,20251228
IDFM:TN:33925033,1,1,1,1,1,0,0,20251202,20251229
IDFM:TN:33925039,0,0,0,0,1,1,0,20251202,20251213
IDFM:TN:33925041,0,0,0,0,0,1,0,20251202,20251213
IDFM:TN:33925092,0,1,1,1,0,1,0,20251202,20251213
IDFM:TN:33925103,1,1,1,1,0,0,0,20251208,20251211
IDFM:TN:33925112,0,0,0,0,0,1,1,20251214,20251228
IDFM:TN:33925129,0,0,0,0,0,0,1,20251214,20251221
IDFM:TN:33925170,1,0,0,0,0,0,1,20251214,20251229
IDFM:TN:33925186,1,1,1,1,1,1,0,20251215,20251229
IDFM:TN:33925192,1,1,1,1,1,0,0,20251215,20251229
IDFM:TN:33925195,1,1,1,1,1,0,0,20251215,20251229
IDFM:TN:33925254,0,0,0,1,0,0,1,20251202,20251228
IDFM:TN:33925263,0,1,1,1,1,1,1,20251202,20251221
IDFM:TN:33925321,1,1,1,1,1,1,0,20251215,20251229
IDFM:TN:33925526,1,1,1,1,1,0,0,20251202,20251229
IDFM:TN:33925530,0,1,1,1,1,1,1,20251202,20251228
IDFM:TN:33925576,1,1,1,1,1,1,1,20251202,20251229
IDFM:TN:33925577,1,1,1,1,1,0,0,20251202,20251229
IDFM:TN:33925592,1,1,1,1,1,1,1,20251202,20251229
IDFM:TN:33925595,1,1,1,1,1,0,0,20251203,20251229
IDFM:TN:33925605,1,0,0,0,0,0,1,20251214,20251222
IDFM:TN:33925608,1,0,0,0,0,0,1,20251214,20251229
IDFM:TN:33925623,0,1,1,1,1,1,0,20251223,20251227
IDFM:TN:33925626,0,0,0,0,1,0,0,20251205,20251212
IDFM:TN:33925632,0,0,0,0,1,0,0,20251205,20251212
IDFM:TN:33925671,0,0,0,0,0,1,0,20251202,20251227
IDFM:TN:33925684,1,1,1,1,1,1,1,20251203,20251229
IDFM:TN:33925690,0,0,0,0,0,1,1,20251207,20251229
IDFM:TN:33925700,0,1,1,1,0,1,0,20251223,20251227
IDFM:TN:33925731,1,1,1,1,1,1,0,20251202,20251229
IDFM:TN:33925753,1,0,1,1,1,1,1,20251203,20251229
IDFM:TN:33925866,0,0,0,0,0,1,1,20251207,20251227
IDFM:TN:33925868,0,0,0,0,0,0,1,20251228,20251228
IDFM:TN:33925906,0,1,1,1,1,1,0,20251202,20251225
IDFM:TN:33925920,0,0,0,0,0,1,0,20251206,20251225
IDFM:TN:33925929,1,0,0,0,0,0,1,20251214,20251229
IDFM:TN:33925940,0,0,0,0,0,0,1,20251214,20251229
IDFM:TN:33926000,1,1,1,1,1,1,1,20251202,20251229
IDFM:TN:33926005,0,0,0,0,0,1,1,20251206,20251229
IDFM:TN:33926012,1,1,1,0,1,0,0,20251215,20251229
IDFM:TN:33926016,0,0,0,1,0,0,0,20251218,20251218
IDFM:TN:33926094,1,0,0,0,0,0,1,20251214,20251229
IDFM:TN:33926095,0,0,0,0,1,0,0,20251219,20251226
IDFM:TN:33926204,1,0,0,0,0,0,1,20251208,20251229
IDFM:TN:33926206,1,0,0,0,0,0,1,20251208,20251229
IDFM:TN:33926319,1,0,0,0,0,1,1,20251206,20251229
IDFM:TN:33926324,1,0,0,0,0,0,1,20251208,20251228
IDFM:TN:33926331,1,0,0,0,0,0,0,20251229,20251229
IDFM:TN:33926368,0,0,1,1,1,1,0,20251202,20251213
IDFM:TN:33926470,1,0,0,0,0,0,1,20251207,20251229
IDFM:TN:33926473,0,0,0,0,0,0,1,20251214,20251229
IDFM:TN:33926478,1,0,0,0,0,0,1,20251214,20251229
IDFM:TN:33926486,0,0,0,0,0,0,1,20251214,20251229
IDFM:TN:33926489,1,0,0,0,0,0,0,20251215,20251215
IDFM:TN:33926496,0,0,0,0,0,1,0,20251215,20251227
IDFM:TN:33926500,0,1,1,0,0,0,0,20251223,20251224
IDFM:TN:33926541,1,1,1,1,1,1,1,20251202,20251229
IDFM:TN:33926556,1,1,1,1,1,1,1,20251204,20251229
IDFM:TN:33926568,0,1,1,0,0,0,0,20251209,20251210
IDFM:TN:33926587,1,0,0,0,1,0,0,20251215,20251229
IDFM:TN:33926759,0,0,0,0,0,1,0,20251206,20251227
IDFM:TN:33926760,1,0,0,0,0,0,0,20251207,20251229
IDFM:TN:33926764,0,1,1,1,0,0,0,20251223,20251225
IDFM:TN:33926801,0,1,1,0,1,1,1,20251202,20251229
IDFM:TN:33926804,1,1,1,1,1,1,1,20251202,20251229
IDFM:TN:33926817,1,0,0,0,0,0,0,20251208,20251222
IDFM:TN:33926842,0,1,1,1,1,1,0,20251202,20251206
IDFM:TN:33926904,1,1,1,1,1,0,1,20251202,20251229
IDFM:TN:33926945,0,0,0,0,0,0,1,20251207,20251214
IDFM:TN:33927042,1,1,1,1,1,0,0,20251202,20251229
IDFM:TN:33927048,0,0,0,0,0,1,1,20251207,20251228
IDFM:TN:33927204,0,0,0,0,0,1,1,20251213,20251228
IDFM:TN:33927276,1,1,1,1,1,1,1,20251206,20251229
IDFM:TN:33927277,1,1,1,1,1,1,1,20251207,20251229
IDFM:TN:33927732,1,0,0,0,0,0,1,20251207,20251229
IDFM:TN:33927883,0,0,0,0,0,1,1,20251206,20251220
IDFM:TN:33928060,1,1,1,1,1,1,1,20251202,20251229
IDFM:TN:33928068,1,1,1,1,1,1,1,20251202,20251229
IDFM:TN:33928070,1,1,1,1,1,1,1,20251202,20251229
IDFM:TN:33928087,1,1,1,1,1,1,1,20251202,20251229
IDFM:TN:33928106,1,1,1,0,1,0,0,20251222,20251226
IDFM:TN:33928194,0,1,1,1,1,1,0,20251216,20251220
IDFM:TN:33928540,1,1,1,1,1,0,0,20251202,20251229
IDFM:TN:33928821,0,0,0,1,0,1,1,20251202,20251229
IDFM:TN:33928874,0,1,1,1,1,1,1,20251202,20251228
IDFM:TN:33928887,1,0,0,0,0,0,0,20251215,20251229
IDFM:TN:33929069,1,1,1,1,1,1,0,20251202,20251229
IDFM:TN:33929074,0,0,0,0,0,0,1,20251207,20251214
IDFM:TN:33929082,0,0,0,0,0,0,1,20251221,20251221
IDFM:TN:33929198,0,0,0,0,0,0,1,20251214,20251229
IDFM:TN:33929389,0,1,1,1,1,1,1,20251202,20251228
IDFM:TN:33929390,1,1,1,1,1,1,1,20251202,20251228
IDFM:TN:33929391,0,1,1,1,1,1,1,20251202,20251228
IDFM:TN:33929603,0,0,0,0,0,0,1,20251214,20251228
IDFM:TN:33929608,1,1,1,0,1,0,0,20251215,20251229
IDFM:TN:33929945,1,1,1,0,1,0,0,20251202,20251229
IDFM:TN:33929986,1,1,1,1,0,0,0,20251215,20251218
IDFM:TN:33930208,1,1,1,1,1,1,1,20251202,20251228
IDFM:TN:33930276,0,0,0,0,0,1,1,20251206,20251229
IDFM:TN:33930360,0,0,0,1,0,0,1,20251225,20251228
IDFM:TN:33930395,0,0,0,0,1,0,0,20251205,20251224
IDFM:TN:33930414,0,0,0,1,0,1,1,20251225,20251228
IDFM:TN:33930524,0,1,1,1,1,0,0,20251202,20251224
IDFM:TN:33930536,0,0,0,0,0,1,1,20251206,20251229
IDFM:TN:33930542,0,0,0,0,0,0,1,20251214,20251226
IDFM:TN:33930573,0,0,0,0,0,1,0,20251206,20251226
IDFM:TN:33930663,0,1,1,1,1,1,0,20251202,20251213
IDFM:TN:33930902,1,1,1,0,0,0,0,20251222,20251224
IDFM:TN:33930935,1,1,1,1,0,0,0,20251202,20251224
IDFM:TN:33930947,0,0,0,0,1,0,0,20251205,20251212
IDFM:TN:33931410,1,1,1,1,1,0,0,20251202,20251226
IDFM:TN:33931522,0,1,1,1,1,1,0,20251202,20251225
IDFM:TN:33931544,0,1,1,1,1,0,0,20251202,20251226
IDFM:TN:33931553,1,0,0,0,0,0,1,20251207,20251222
IDFM:TN:33931703,0,1,1,1,1,1,0,20251209,20251225
IDFM:TN:33931704,1,1,0,0,0,0,0,20251222,20251223
IDFM:TN:33931738,1,0,0,0,0,1,1,20251206,20251229
IDFM:TN:33931753,0,1,1,1,0,0,0,20251216,20251225
IDFM:TN:33931790,0,0,0,0,0,1,1,20251202,20251228
IDFM:TN:33931923,0,1,1,1,1,1,0,20251202,20251220
IDFM:TN:33931924,0,1,1,1,1,1,0,20251202,20251220
IDFM:TN:33931925,0,1,1,1,1,0,0,20251202,20251219
IDFM:TN:33931998,0,0,0,0,0,1,0,20251202,20251227
IDFM:TN:33932012,1,1,1,1,1,1,0,20251202,20251227
IDFM:TN:33932042,0,0,0,0,0,1,0,20251202,20251229
IDFM:TN:33932057,1,1,1,0,1,0,0,20251208,20251229
IDFM:TN:33932070,1,1,1,1,1,0,0,20251208,20251224
IDFM:TN:33932497,1,1,1,1,1,1,1,20251202,20251229
IDFM:TN:33932614,1,0,0,0,0,1,1,20251213,20251229
IDFM:TN:33933057,0,1,1,1,1,1,0,20251202,20251227
IDFM:TN:33933254,1,1,1,1,1,0,0,20251208,20251219
IDFM:TN:33933258,0,1,1,1,1,1,0,20251209,20251220
IDFM:TN:33933932,0,0,0,0,0,1,1,20251206,20251228
IDFM:TN:33933946,0,0,0,1,0,0,0,20251225,20251225
IDFM:TN:33934074,0,0,0,0,0,0,1,20251207,20251228
IDFM:TN:33934138,0,0,0,0,0,1,1,20251227,20251228
IDFM:TN:33934151,1,0,0,0,0,0,0,20251207,20251222
IDFM:TN:33934311,0,1,1,1,1,0,0,20251202,20251212
IDFM:TN:33934417,0,1,1,0,0,0,0,20251202,20251223
IDFM:TN:33934419,1,1,1,0,0,0,0,20251202,20251219
IDFM:TN:33934420,0,0,0,1,1,0,0,20251204,20251224
IDFM:TN:33934777,1,0,1,0,0,0,0,20251222,20251224
IDFM:TN:33934781,0,1,0,0,0,0,0,20251223,20251223
IDFM:TN:33935033,0,0,0,0,0,1,1,20251206,20251221
IDFM:TN:33935188,0,0,0,1,0,1,0,20251225,20251227
IDFM:TN:33935716,1,1,1,0,0,0,0,20251208,20251224
IDFM:TN:33935722,0,0,0,0,0,0,1,20251207,20251221
IDFM:TN:33935770,0,0,0,0,0,0,1,20251207,20251221
IDFM:TN:33935771,1,0,0,0,0,0,0,20251208,20251222
IDFM:TN:33935922,0,1,1,1,1,0,0,20251202,20251225
IDFM:TN:33935923,0,1,1,1,1,0,0,20251202,20251224
IDFM:TN:33936056,0,0,0,0,1,0,1,20251226,20251228
IDFM:TN:33936532,0,1,1,1,1,1,0,20251202,20251225
IDFM:TN:33937089,1,1,1,1,1,0,0,20251202,20251223
IDFM:TN:33937095,0,0,0,0,0,1,1,20251206,20251226
IDFM:TN:33937096,1,1,0,0,0,0,0,20251215,20251223
IDFM:TN:33937102,0,1,1,1,1,1,0,20251202,20251227
IDFM:TN:33937212,1,1,0,0,0,0,0,20251215,20251223
IDFM:TN:33937214,0,0,0,0,1,0,0,20251219,20251219
IDFM:TN:33937270,0,0,0,0,0,0,1,20251206,20251226
IDFM:TN:33937293,1,1,1,1,1,1,1,20251202,20251226
IDFM:TN:33937576,0,1,1,1,1,0,0,20251202,20251219
IDFM:TN:33937577,1,1,1,1,0,0,0,20251202,20251223
IDFM:TN:33937617,0,0,1,0,0,0,0,20251224,20251224
IDFM:TN:33937725,1,0,0,0,0,0,0,20251207,20251227
IDFM:TN:33937736,0,1,1,0,0,0,0,20251216,20251224
IDFM:TN:33939655,0,0,0,0,1,1,1,20251202,20251226
IDFM:TN:33940559,1,0,0,0,0,0,1,20251207,20251229
IDFM:TN:33940564,0,0,0,0,1,0,1,20251214,20251228
IDFM:TN:33940572,1,1,0,0,0,0,0,20251215,20251229
IDFM:TN:33940578,0,0,0,0,1,1,0,20251219,20251227
IDFM:TN:33940579,0,0,0,0,0,1,0,20251220,20251227
IDFM:TN:33940602,0,0,0,0,1,1,0,20251205,20251213
IDFM:TN:33940633,1,1,1,1,1,0,1,20251202,20251229
IDFM:TN:33940652,1,0,0,0,0,0,1,20251214,20251229
IDFM:TN:33940654,1,0,0,0,0,0,0,20251215,20251229
IDFM:TN:33940659,0,1,1,0,1,0,0,20251216,20251226
IDFM:TN:33940673,1,1,1,1,1,0,1,20251202,20251229
IDFM:TN:33940683,1,1,0,1,0,1,0,20251215,20251229
IDFM:TN:33940757,0,1,1,1,1,1,0,20251202,20251227
IDFM:TN:33940762,0,0,0,0,0,0,1,20251207,20251228
IDFM:TN:33940763,1,0,0,0,0,0,1,20251214,20251229
IDFM:TN:33940772,1,0,0,0,1,0,0,20251215,20251229
IDFM:TN:33940775,0,1,0,0,0,0,0,20251216,20251223
IDFM:TN:33940804,1,1,1,1,1,0,0,20251202,20251229
IDFM:TN:33940806,0,0,0,0,0,0,1,20251206,20251214
IDFM:TN:33940809,1,0,0,0,0,1,0,20251206,20251229
IDFM:TN:33940813,0,0,0,0,0,0,1,20251214,20251228
IDFM:TN:33940817,0,0,0,0,0,1,1,20251220,20251228
IDFM:TN:33940818,0,0,0,0,0,0,1,20251221,20251228
IDFM:TN:33940829,1,0,1,0,0,0,0,20251208,20251210
IDFM:TN:33940832,0,0,0,1,1,1,1,20251215,20251228
IDFM:TN:33940841,1,1,1,1,0,0,0,20251202,20251229
IDFM:TN:33940842,0,0,0,0,1,0,0,20251205,20251212
IDFM:TN:33940868,1,0,0,0,1,0,0,20251219,20251229
IDFM:TN:33940878,0,0,1,1,1,0,1,20251203,20251207
IDFM:TN:33940885,1,1,1,0,1,1,0,20251215,20251227
IDFM:TN:33940886,0,0,0,1,1,0,1,20251215,20251228
IDFM:TN:33940889,1,0,0,0,0,0,0,20251222,20251229
IDFM:TN:33940900,0,0,0,0,0,1,0,20251220,20251228
IDFM:TN:33940925,0,0,0,0,0,0,1,20251207,20251228
IDFM:TN:33940926,0,0,0,0,1,0,0,20251215,20251226
IDFM:TN:33940927,1,0,0,0,1,0,0,20251215,20251229
IDFM:TN:33940948,1,1,1,1,1,0,1,20251215,20251229
IDFM:TN:33940980,0,0,1,0,1,0,0,20251202,20251212
IDFM:TN:33940984,0,1,0,1,0,0,0,20251209,20251211
IDFM:TN:33940987,1,0,0,0,1,0,0,20251215,20251226
IDFM:TN:33940996,0,0,0,1,0,0,0,20251204,20251211
IDFM:TN:33941006,0,0,1,0,0,0,0,20251202,20251229
IDFM:TN:33941010,1,0,0,0,1,0,0,20251215,20251229
IDFM:TN:33941021,1,1,1,0,0,0,0,20251215,20251229
IDFM:TN:33941022,0,0,0,0,1,0,0,20251219,20251226
IDFM:TN:33941045,0,1,1,1,0,0,0,20251202,20251212
IDFM:TN:33941047,0,1,1,0,0,0,0,20251202,20251218
IDFM:TN:33941050,0,0,0,0,0,1,0,20251220,20251227
IDFM:TN:33941051,0,0,0,1,0,0,0,20251204,20251211
IDFM:TN:33941073,0,0,0,0,0,1,0,20251220,20251227
IDFM:TN:33941075,0,0,0,0,0,0,1,20251221,20251228
IDFM:TN:33941121,1,0,0,0,0,1,0,20251206,20251229
IDFM:TN:33941131,0,0,0,0,0,1,1,20251214,20251227
IDFM:TN:33941176,0,1,1,1,1,1,0,20251202,20251227
IDFM:TN:33941223,1,1,1,0,1,0,0,20251202,20251229
IDFM:TN:33941226,1,0,1,0,1,0,0,20251203,20251229
IDFM:TN:33941242,1,0,1,1,1,0,0,20251208,20251219
IDFM:TN:33941245,0,1,0,0,0,0,0,20251209,20251209
IDFM:TN:33941270,1,1,1,1,0,0,0,20251202,20251229
IDFM:TN:33941274,0,0,0,1,0,0,1,20251207,20251228
IDFM:TN:33941275,0,0,0,0,0,0,1,20251207,20251225
IDFM:TN:33941282,1,1,0,1,0,0,0,20251202,20251229
IDFM:TN:33941284,0,0,1,0,1,0,0,20251203,20251212
IDFM:TN:33941287,0,0,0,0,0,0,1,20251214,20251228
IDFM:TN:33941299,1,1,1,1,1,0,0,20251202,20251229
IDFM:TN:33941302,1,0,1,0,1,0,0,20251208,20251212
IDFM:TN:33941316,0,0,0,0,1,0,0,20251205,20251226
IDFM:TN:33941489,0,0,0,0,0,1,0,20251206,20251227
IDFM:TN:33941516,0,1,1,1,1,1,0,20251202,20251220
IDFM:TN:33941519,1,1,1,1,1,0,0,20251202,20251219
IDFM:TN:33942331,1,1,1,0,0,0,0,20251202,20251229
IDFM:TN:33943334,1,1,1,1,1,1,0,20251202,20251229
IDFM:TN:33943337,0,0,0,0,0,0,1,20251206,20251228
IDFM:TN:33943353,1,1,1,1,1,0,1,20251202,20251229
IDFM:TN:33943367,0,1,1,1,1,1,0,20251202,20251227
IDFM:TN:33943758,1,1,1,1,1,0,0,20251202,20251226
IDFM:TN:33944202,0,1,1,1,0,1,0,20251216,20251227
IDFM:TN:33945110,0,1,1,1,1,1,0,20251202,20251220
IDFM:TN:33945114,1,1,1,1,1,0,0,20251202,20251219
IDFM:TN:33945195,0,0,0,0,0,0,1,20251214,20251229
IDFM:TN:33945228,1,0,0,0,0,0,0,20251222,20251229
IDFM:TN:33945260,0,0,0,0,0,1,0,20251213,20251229
IDFM:TN:33945264,1,0,0,0,0,1,0,20251220,20251229
IDFM:TN:33945291,1,1,1,0,0,0,0,20251215,20251229
IDFM:TN:33945327,0,0,0,0,0,1,0,20251206,20251227
IDFM:TN:33945330,0,0,0,1,0,1,1,20251214,20251228
IDFM:TN:33945331,0,0,0,1,0,1,1,20251214,20251228
IDFM:TN:33945343,1,1,0,0,0,0,0,20251216,20251229
IDFM:TN:33945400,1,0,0,0,0,0,0,20251222,20251229
IDFM:TN:33945417,1,0,0,0,0,0,0,20251208,20251229
IDFM:TN:33945753,1,1,0,1,0,1,1,20251215,20251229
IDFM:TN:33945859,0,1,1,1,1,0,0,20251202,20251226
IDFM:TN:33945895,1,1,1,1,1,0,1,20251202,20251229
IDFM:TN:33945913,1,0,1,0,1,1,0,20251215,20251229
IDFM:TN:33945939,1,1,1,1,1,1,0,20251202,20251229
IDFM:TN:33945941,0,0,0,1,0,0,1,20251202,20251228
IDFM:TN:33945942,1,1,1,1,1,0,0,20251202,20251229
IDFM:TN:33945949,1,1,0,0,0,0,0,20251215,20251216
IDFM:TN:33945994,1,0,0,0,0,0,1,20251207,20251229
IDFM:TN:33946003,0,0,0,0,0,1,1,20251206,20251228
IDFM:TN:33946020,0,1,1,0,0,0,0,20251202,20251210
IDFM:TN:33946023,1,1,1,1,1,1,0,20251202,20251229
IDFM:TN:33946026,0,0,0,1,1,0,0,20251204,20251212
IDFM:TN:33946028,1,0,0,0,0,0,0,20251206,20251229
IDFM:TN:33946039,0,0,1,0,0,0,0,20251217,20251224
IDFM:TN:33946040,0,0,0,0,1,0,0,20251218,20251226
IDFM:TN:33946051,0,0,1,1,1,0,0,20251203,20251212
IDFM:TN:33946052,0,0,0,0,0,1,1,20251206,20251229
IDFM:TN:33946087,1,0,0,0,0,0,1,20251214,20251229
IDFM:TN:33946159,1,0,1,0,0,0,0,20251215,20251229
IDFM:TN:33946199,0,0,1,0,0,0,0,20251203,20251210
IDFM:TN:33946201,0,0,0,0,0,1,0,20251206,20251229
IDFM:TN:33946239,0,1,0,0,0,0,0,20251202,20251209
IDFM:TN:33946242,1,0,1,1,1,0,0,20251203,20251229
IDFM:TN:33946255,0,0,1,0,1,0,0,20251217,20251226
IDFM:TN:33946349,0,0,0,0,0,1,0,20251213,20251227
IDFM:TN:33946407,1,0,0,0,0,0,0,20251208,20251229
IDFM:TN:33946443,0,0,0,0,1,0,0,20251205,20251226
IDFM:TN:33946544,0,0,0,1,0,0,0,20251204,20251211
IDFM:TN:33946588,0,0,1,0,0,0,0,20251203,20251210
IDFM:TN:33946592,0,0,1,0,0,0,0,20251217,20251217
IDFM:TN:33947350,1,1,1,1,1,1,0,20251202,20251229
IDFM:TN:33947401,1,0,0,0,0,0,1,20251206,20251229
IDFM:TN:33947566,1,1,1,0,0,1,0,20251215,20251227
IDFM:TN:33890499,0,0,0,0,0,0,1,20251130,20251130
IDFM:TN:33860117,0,0,0,0,0,1,0,20251129,20251129
IDFM:TN:33797991,0,0,0,0,1,0,0,20251128,20251128
IDFM:TN:33735891,0,0,0,1,0,0,0,20251127,20251127
